0 0.200521 0.544907 0.009375 0.037963
0 0.259896 0.574074 0.010417 0.035185
0 0.361198 0.432870 0.007812 0.032407
0 0.497135 0.387500 0.007812 0.030556
0 0.449479 0.484722 0.008333 0.036111
0 0.490625 0.468519 0.008333 0.038889
0 0.554948 0.439815 0.007812 0.035185
0 0.615104 0.371759 0.007292 0.032407
0 0.668229 0.389815 0.008333 0.033333
0 0.683594 0.482407 0.007812 0.037037
0 0.477083 0.600000 0.009375 0.042593
0 0.454167 0.641667 0.009375 0.040741
0 0.579167 0.699537 0.010417 0.047222
0 0.600260 0.623148 0.008854 0.038889
0 0.533073 0.881481 0.011979 0.048148
0 0.695833 0.666667 0.011458 0.040741
0 0.430729 0.134259 0.008333 0.027778
0 0.419792 0.155093 0.007292 0.021296
0 0.425781 0.163426 0.007812 0.021296
0 0.353385 0.256481 0.007812 0.029630
0 0.503646 0.274074 0.006250 0.031481
0 0.483073 0.309722 0.007812 0.028704
0 0.601302 0.258333 0.005729 0.031481
1 0.422656 0.124074 0.003646 0.007407
