1 0.172396 0.374537 0.009375 0.045370
1 0.315365 0.513889 0.009896 0.042593
1 0.330469 0.476852 0.014063 0.042593
1 0.360417 0.437500 0.011458 0.043519
1 0.389323 0.452315 0.013021 0.043519
1 0.400781 0.503704 0.011979 0.050000
1 0.413021 0.655093 0.015625 0.056481
1 0.530469 0.449074 0.017188 0.048148
1 0.429688 0.372222 0.013542 0.037037
1 0.396875 0.368519 0.014583 0.042593
1 0.419792 0.319907 0.012500 0.036111
1 0.487760 0.252315 0.011979 0.032407
1 0.511719 0.231481 0.010937 0.033333
1 0.521875 0.278704 0.017708 0.037037
1 0.545312 0.338889 0.011458 0.042593
1 0.565625 0.398611 0.009375 0.045370
1 0.605469 0.258796 0.007812 0.039815
1 0.694010 0.344444 0.013021 0.037037
1 0.677344 0.348611 0.011979 0.036111
1 0.731250 0.358796 0.015625 0.037963
1 0.718229 0.523148 0.011458 0.050000
1 0.632812 0.935648 0.013542 0.065741
1 0.103646 0.832870 0.013542 0.063889
1 0.907292 0.625000 0.023958 0.037037
