1 0.095833 0.675463 0.015625 0.060185
1 0.113281 0.722222 0.015104 0.062963
1 0.102344 0.568519 0.013021 0.050000
1 0.098698 0.505093 0.009896 0.047222
1 0.091406 0.493519 0.007812 0.044444
1 0.256510 0.574537 0.010937 0.052778
1 0.280729 0.690741 0.014583 0.057407
1 0.443750 0.624074 0.010417 0.064815
1 0.569271 0.694444 0.011458 0.064815
1 0.520833 0.552778 0.013542 0.051852
1 0.533073 0.496759 0.011979 0.047222
1 0.288802 0.533333 0.009896 0.046296
1 0.303906 0.477778 0.011979 0.048148
1 0.301302 0.394907 0.008854 0.041667
1 0.386979 0.422685 0.014583 0.047222
1 0.448437 0.465741 0.011458 0.042593
1 0.673958 0.599074 0.010417 0.059259
1 0.764844 0.579630 0.010937 0.055556
1 0.774479 0.504167 0.013542 0.056481
1 0.649740 0.444444 0.007812 0.046296
1 0.628906 0.443519 0.010937 0.042593
1 0.523958 0.397685 0.009375 0.041667
1 0.970573 0.771759 0.014063 0.062037
