0 0.181250 0.520833 0.018750 0.050926
0 0.261719 0.356944 0.007812 0.045370
0 0.301563 0.297222 0.009375 0.040741
0 0.333594 0.478241 0.010937 0.045370
0 0.346875 0.518519 0.014583 0.053704
0 0.224740 0.393519 0.009896 0.048148
0 0.413021 0.491667 0.011458 0.042593
0 0.287760 0.688889 0.011979 0.055556
0 0.301302 0.739815 0.017188 0.061111
0 0.554167 0.297222 0.008333 0.044444
0 0.487240 0.448611 0.010937 0.049074
0 0.544792 0.449537 0.011458 0.050926
0 0.670573 0.288426 0.014063 0.034259
0 0.524219 0.780556 0.015104 0.061111
0 0.614062 0.642130 0.012500 0.056481
0 0.583594 0.608333 0.018229 0.050000
0 0.657292 0.832407 0.021875 0.055556
0 0.759375 0.386574 0.011458 0.050926
0 0.672656 0.530556 0.010937 0.050000
0 0.723177 0.545833 0.022396 0.049074
0 0.860417 0.570370 0.012500 0.053704
