1 0.057031 0.223148 0.028646 0.120370
1 0.221094 0.096759 0.026562 0.097222
1 0.327865 0.081481 0.031771 0.090741
1 0.375260 0.067593 0.048438 0.100000
1 0.210677 0.339352 0.036979 0.121296
1 0.242708 0.392593 0.039583 0.133333
1 0.420833 0.309259 0.042708 0.120370
1 0.524740 0.631944 0.041146 0.152778
1 0.633594 0.551852 0.038021 0.148148
1 0.638542 0.254630 0.043750 0.109259
1 0.712760 0.207407 0.026562 0.114815
1 0.629687 0.106019 0.025000 0.093519
1 0.650000 0.091204 0.027083 0.086111
1 0.832812 0.283333 0.027083 0.111111
1 0.883854 0.294444 0.029167 0.125926
1 0.940885 0.593056 0.033854 0.158333
1 0.983333 0.471296 0.032292 0.148148
1 0.254427 0.233333 0.027604 0.114815
