0 0.269010 0.207870 0.011979 0.036111
0 0.391667 0.311574 0.010417 0.043519
0 0.255990 0.413426 0.009896 0.045370
0 0.075260 0.417130 0.015104 0.037963
0 0.472917 0.431019 0.010417 0.049074
0 0.519792 0.429630 0.009375 0.057407
0 0.542969 0.418056 0.010937 0.032407
0 0.549740 0.432407 0.014063 0.027778
0 0.569271 0.430093 0.010417 0.050926
0 0.596094 0.431019 0.009896 0.050926
0 0.608333 0.364815 0.009375 0.044444
0 0.622135 0.411574 0.013021 0.047222
0 0.644271 0.432407 0.009375 0.051852
0 0.676562 0.432407 0.009375 0.048148
0 0.690625 0.419444 0.018750 0.040741
0 0.701042 0.413889 0.007292 0.035185
0 0.714063 0.433333 0.012500 0.044444
0 0.750000 0.355093 0.015625 0.036111
0 0.777865 0.438426 0.009896 0.050926
0 0.519010 0.803704 0.018229 0.062963
0 0.427344 0.131944 0.010937 0.041667
0 0.648438 0.129167 0.008333 0.039815
1 0.305208 0.219907 0.005208 0.010185
