1 0.145052 0.346759 0.011979 0.047222
1 0.336458 0.287037 0.008333 0.035185
1 0.268750 0.498148 0.011458 0.046296
1 0.294792 0.505093 0.010417 0.039815
1 0.363281 0.733333 0.017188 0.053704
1 0.417708 0.668519 0.017708 0.051852
1 0.449479 0.380093 0.008333 0.036111
1 0.465625 0.275926 0.007292 0.035185
1 0.562240 0.557407 0.013021 0.042593
1 0.594271 0.453704 0.008333 0.042593
1 0.615625 0.451852 0.011458 0.042593
1 0.646354 0.469907 0.011458 0.043519
1 0.607552 0.570370 0.014063 0.042593
1 0.514323 0.350000 0.009896 0.038889
1 0.542448 0.306481 0.008854 0.044444
1 0.529687 0.216667 0.008333 0.035185
1 0.759896 0.197222 0.008333 0.033333
1 0.770312 0.274537 0.008333 0.037963
1 0.697135 0.370833 0.010937 0.039815
1 0.770312 0.364352 0.008333 0.043519
1 0.763021 0.497222 0.010417 0.048148
1 0.724219 0.656019 0.016146 0.047222
1 0.579427 0.810648 0.013021 0.056481
1 0.764323 0.815741 0.017188 0.051852
1 0.895573 0.864815 0.017188 0.061111
