1 0.021875 0.118981 0.042708 0.150926
1 0.114323 0.192130 0.049479 0.160185
1 0.252865 0.212500 0.066146 0.147222
1 0.287500 0.279630 0.072917 0.138889
1 0.349479 0.258333 0.038542 0.161111
1 0.199740 0.579167 0.035937 0.187963
1 0.294271 0.600000 0.033333 0.198148
1 0.414323 0.671759 0.050521 0.200926
1 0.536458 0.773611 0.055208 0.202778
1 0.588802 0.845833 0.049479 0.228704
1 0.396094 0.891667 0.047396 0.216667
1 0.774479 0.627778 0.052083 0.170370
1 0.464323 0.561111 0.058854 0.155556
1 0.623437 0.524074 0.067708 0.168519
1 0.650000 0.417593 0.035417 0.120370
1 0.397917 0.388889 0.046875 0.157407
1 0.443750 0.352315 0.046875 0.141667
1 0.880208 0.337500 0.076042 0.106481
