1 0.109115 0.453704 0.011979 0.053704
1 0.162240 0.470833 0.014063 0.054630
1 0.236198 0.348148 0.011979 0.044444
1 0.173698 0.347222 0.014063 0.051852
1 0.360938 0.362500 0.012500 0.045370
1 0.355990 0.490278 0.014063 0.054630
1 0.394792 0.458796 0.013542 0.047222
1 0.388802 0.360185 0.010937 0.044444
1 0.288542 0.255093 0.014583 0.045370
1 0.236719 0.214815 0.014063 0.042593
1 0.300000 0.177315 0.012500 0.039815
1 0.337500 0.152778 0.011458 0.031481
1 0.356771 0.179630 0.012500 0.038889
1 0.376823 0.139815 0.006771 0.037037
1 0.403125 0.149537 0.010417 0.036111
1 0.447135 0.161111 0.009896 0.040741
1 0.607552 0.304167 0.011979 0.047222
1 0.761719 0.269907 0.013021 0.049074
1 0.881510 0.349537 0.009896 0.049074
1 0.828906 0.450926 0.009896 0.055556
1 0.675260 0.617593 0.017188 0.055556
