1 0.337500 0.417593 0.007292 0.027778
1 0.253906 0.513889 0.009896 0.042593
1 0.246354 0.613426 0.009375 0.047222
1 0.155729 0.675000 0.011458 0.053704
1 0.257552 0.709722 0.014063 0.056481
1 0.243490 0.743981 0.016146 0.060185
1 0.226042 0.832870 0.015625 0.071296
1 0.488542 0.936111 0.018750 0.072222
1 0.405208 0.517130 0.009375 0.036111
1 0.473958 0.562037 0.012500 0.044444
1 0.484896 0.534259 0.012500 0.042593
1 0.508854 0.540741 0.009375 0.040741
1 0.530208 0.439352 0.007292 0.030556
1 0.537760 0.423148 0.011979 0.022222
1 0.645312 0.419444 0.006250 0.035185
1 0.729427 0.512500 0.008854 0.039815
1 0.683073 0.515741 0.006771 0.046296
1 0.770573 0.606481 0.010937 0.048148
1 0.554948 0.392130 0.006771 0.032407
1 0.835677 0.447685 0.006771 0.039815
1 0.592708 0.371296 0.006250 0.025926
