1 0.275781 0.408796 0.010937 0.041667
1 0.286719 0.476389 0.013021 0.047222
1 0.429427 0.412963 0.010937 0.048148
1 0.471094 0.425000 0.010937 0.037037
1 0.552865 0.472685 0.008854 0.045370
1 0.470313 0.525926 0.010417 0.044444
1 0.486198 0.665741 0.014063 0.059259
1 0.534635 0.664815 0.013021 0.053704
1 0.651563 0.675000 0.009375 0.051852
1 0.809896 0.667130 0.010417 0.054630
1 0.922396 0.679167 0.009375 0.050926
1 0.705729 0.478241 0.012500 0.045370
1 0.780208 0.493056 0.010417 0.043519
1 0.798958 0.489815 0.010417 0.042593
1 0.446875 0.325463 0.009375 0.032407
1 0.473698 0.281481 0.009896 0.033333
1 0.547656 0.282870 0.013021 0.043519
1 0.659115 0.299537 0.011979 0.041667
1 0.714323 0.338889 0.014063 0.037037
1 0.748437 0.315741 0.010417 0.038889
1 0.804688 0.330093 0.010417 0.037963
1 0.586979 0.162963 0.012500 0.038889
