0 0.360417 0.530556 0.034375 0.105556
0 0.504687 0.439352 0.021875 0.097222
0 0.258594 0.367130 0.033854 0.087963
0 0.313802 0.349537 0.017188 0.069444
0 0.699219 0.627315 0.022396 0.113889
0 0.796615 0.548611 0.020313 0.100926
0 0.652865 0.352778 0.017188 0.075926
0 0.694792 0.205556 0.015625 0.077778
0 0.808854 0.312963 0.018750 0.088889
0 0.831250 0.202315 0.018750 0.075000
0 0.209115 0.304167 0.017188 0.080556
0 0.276562 0.250926 0.020833 0.061111
0 0.325781 0.237500 0.018229 0.062037
0 0.513021 0.256481 0.018750 0.068519
0 0.103646 0.394907 0.026042 0.089815
0 0.922656 0.221296 0.024479 0.083333
0 0.925000 0.943519 0.033333 0.112963
0 0.989323 0.029167 0.014063 0.056481
1 0.195312 0.348148 0.007292 0.014815
