1 0.184896 0.459259 0.019792 0.046296
1 0.203125 0.567130 0.009375 0.049074
1 0.270313 0.640278 0.017708 0.050926
1 0.390625 0.623611 0.014583 0.050926
1 0.350000 0.476852 0.017708 0.038889
1 0.244531 0.351389 0.008854 0.039815
1 0.377344 0.354167 0.010937 0.039815
1 0.371875 0.281019 0.008333 0.037963
1 0.481250 0.581019 0.012500 0.045370
1 0.523958 0.488426 0.015625 0.043519
1 0.598177 0.436111 0.013021 0.040741
1 0.518229 0.418519 0.010417 0.040741
1 0.565104 0.290741 0.011458 0.037037
1 0.600781 0.362037 0.011979 0.040741
1 0.304688 0.866204 0.014583 0.063889
1 0.352344 0.871759 0.014063 0.056481
1 0.466667 0.818056 0.026042 0.054630
1 0.608854 0.734722 0.018750 0.058333
1 0.627604 0.660185 0.009375 0.051852
1 0.670833 0.660185 0.014583 0.053704
1 0.758594 0.762037 0.018229 0.050000
1 0.623958 0.588889 0.011458 0.051852
1 0.596094 0.539352 0.014063 0.052778
1 0.651823 0.514815 0.016146 0.046296
1 0.641406 0.456019 0.009896 0.045370
1 0.861979 0.355556 0.011458 0.042593
