1 0.086719 0.356944 0.014063 0.045370
1 0.377344 0.424074 0.014063 0.044444
1 0.372917 0.639815 0.015625 0.059259
1 0.345833 0.600000 0.015625 0.053704
1 0.380469 0.472222 0.010937 0.050000
1 0.386979 0.397222 0.012500 0.046296
1 0.427604 0.312963 0.010417 0.044444
1 0.451042 0.266667 0.012500 0.042593
1 0.502604 0.295833 0.010417 0.036111
1 0.560937 0.356019 0.020833 0.047222
1 0.505990 0.453241 0.011979 0.049074
1 0.522135 0.546296 0.011979 0.046296
1 0.500260 0.633333 0.015104 0.061111
1 0.614844 0.747685 0.018229 0.063889
1 0.740104 0.542130 0.022917 0.043519
1 0.683333 0.418981 0.010417 0.049074
1 0.639323 0.314815 0.014063 0.038889
1 0.600000 0.271759 0.009375 0.036111
1 0.810677 0.484722 0.018229 0.047222
1 0.846094 0.349537 0.011979 0.043519
1 0.516667 0.887037 0.015625 0.072222
1 0.725521 0.892130 0.023958 0.063889
1 0.920573 0.916667 0.011979 0.064815
