1 0.128646 0.348148 0.012500 0.042593
1 0.258854 0.431019 0.010417 0.045370
1 0.314844 0.286574 0.008854 0.034259
1 0.407813 0.268519 0.012500 0.033333
1 0.434896 0.335648 0.010417 0.030556
1 0.441406 0.483333 0.015104 0.042593
1 0.481250 0.412037 0.009375 0.037037
1 0.448437 0.296296 0.008333 0.035185
1 0.463281 0.276852 0.017188 0.025926
1 0.499479 0.243056 0.006250 0.034259
1 0.539844 0.210648 0.006771 0.032407
1 0.560417 0.316204 0.011458 0.034259
1 0.566146 0.327315 0.008333 0.034259
1 0.527865 0.387963 0.005729 0.040741
1 0.595052 0.390278 0.007812 0.039815
1 0.719010 0.391667 0.015104 0.042593
1 0.713802 0.515741 0.010937 0.040741
1 0.627344 0.344444 0.006771 0.031481
1 0.716146 0.246759 0.009375 0.034259
1 0.720313 0.207870 0.009375 0.032407
1 0.727604 0.277315 0.007292 0.037963
1 0.486979 0.706944 0.012500 0.054630
