1 0.090365 0.463426 0.010937 0.037963
1 0.295833 0.527778 0.014583 0.038889
1 0.363802 0.569907 0.010937 0.037963
1 0.307031 0.481944 0.009896 0.036111
1 0.326302 0.476389 0.007812 0.037963
1 0.386198 0.456481 0.007812 0.037037
1 0.395573 0.459259 0.013021 0.033333
1 0.429427 0.478241 0.010937 0.028704
1 0.411979 0.423148 0.009375 0.031481
1 0.445573 0.446296 0.008854 0.027778
1 0.454427 0.559259 0.009896 0.042593
1 0.469792 0.456944 0.013542 0.030556
1 0.525521 0.470833 0.007292 0.032407
1 0.517188 0.513889 0.012500 0.038889
1 0.547656 0.530093 0.010937 0.043519
1 0.622917 0.546296 0.015625 0.046296
1 0.664844 0.429630 0.007812 0.037037
1 0.693490 0.480093 0.009896 0.037963
1 0.712760 0.478704 0.013021 0.035185
1 0.725260 0.531019 0.006771 0.041667
1 0.715885 0.625926 0.010937 0.048148
1 0.901823 0.562963 0.010937 0.044444
1 0.903385 0.880093 0.017188 0.063889
