0 0.065104 0.482407 0.009375 0.042593
0 0.377083 0.467130 0.011458 0.037963
0 0.419531 0.563889 0.008854 0.042593
0 0.470573 0.635648 0.013021 0.047222
0 0.484115 0.480093 0.007812 0.032407
0 0.489323 0.481019 0.008854 0.039815
0 0.484375 0.410185 0.010417 0.037037
0 0.536719 0.446759 0.007812 0.034259
0 0.545573 0.454630 0.008854 0.037037
0 0.589323 0.482870 0.013021 0.036111
0 0.598698 0.474537 0.015104 0.041667
0 0.569010 0.411574 0.008854 0.034259
0 0.581250 0.377315 0.007292 0.028704
0 0.624219 0.381019 0.007812 0.034259
0 0.673177 0.395833 0.007812 0.032407
0 0.706771 0.430556 0.010417 0.035185
0 0.790365 0.514815 0.011979 0.051852
0 0.761458 0.657407 0.016667 0.051852
0 0.808854 0.476389 0.007292 0.039815
0 0.812760 0.423611 0.010937 0.037963
0 0.851302 0.430556 0.011979 0.035185
0 0.772135 0.382870 0.009896 0.032407
1 0.518490 0.494907 0.004687 0.008333
