1 0.803125 0.461574 0.015625 0.060185
1 0.634375 0.410648 0.014583 0.056481
1 0.635156 0.352778 0.015104 0.048148
1 0.473698 0.606481 0.023438 0.081481
1 0.230729 0.491667 0.014583 0.064815
1 0.230990 0.457407 0.013021 0.042593
1 0.223958 0.449074 0.011458 0.055556
1 0.326562 0.431481 0.019792 0.042593
1 0.349740 0.422685 0.019271 0.050926
1 0.438802 0.479167 0.017188 0.043519
1 0.432292 0.433796 0.019792 0.049074
1 0.487760 0.356944 0.010937 0.052778
1 0.485156 0.285185 0.015104 0.053704
1 0.389323 0.375000 0.017188 0.066667
1 0.376042 0.380093 0.020833 0.056481
1 0.338021 0.397685 0.015625 0.037963
1 0.341667 0.374074 0.013542 0.051852
1 0.265625 0.379630 0.014583 0.044444
1 0.293750 0.368519 0.012500 0.044444
1 0.337240 0.341204 0.011979 0.050926
1 0.351823 0.343981 0.024479 0.054630
1 0.506771 0.421296 0.010417 0.061111
1 0.519531 0.109722 0.010937 0.050926
