0 0.080208 0.530093 0.018750 0.052778
0 0.100260 0.495833 0.013021 0.052778
0 0.199740 0.578704 0.011979 0.051852
0 0.177344 0.360185 0.013021 0.048148
0 0.268490 0.338426 0.007812 0.045370
0 0.383594 0.531481 0.022396 0.050000
0 0.401823 0.496296 0.016146 0.050000
0 0.344531 0.398148 0.014063 0.048148
0 0.151042 0.769907 0.013542 0.060185
0 0.323958 0.736574 0.019792 0.056481
0 0.310677 0.223611 0.008854 0.039815
0 0.595052 0.421759 0.018229 0.045370
0 0.624740 0.476389 0.019271 0.043519
0 0.740885 0.552778 0.017188 0.051852
0 0.710677 0.350000 0.016146 0.038889
0 0.773958 0.339815 0.021875 0.046296
0 0.783594 0.679630 0.016146 0.057407
0 0.894271 0.616204 0.028125 0.062037
0 0.910937 0.698148 0.022917 0.062963
0 0.820573 0.412037 0.017188 0.055556
0 0.831250 0.416667 0.018750 0.044444
1 0.929948 0.718981 0.006771 0.012037
