1 0.024219 0.289815 0.029687 0.159259
1 0.215885 0.372685 0.035937 0.163889
1 0.375521 0.315278 0.033333 0.156481
1 0.210417 0.221296 0.021875 0.144444
1 0.147656 0.114815 0.031771 0.133333
1 0.263542 0.168056 0.037500 0.128704
1 0.362240 0.147222 0.032813 0.129630
1 0.411198 0.218519 0.044271 0.138889
1 0.429167 0.180556 0.030208 0.103704
1 0.452865 0.185648 0.030729 0.145370
1 0.521875 0.189815 0.043750 0.120370
1 0.493750 0.269907 0.025000 0.147222
1 0.540104 0.297685 0.050000 0.137963
1 0.545573 0.280093 0.046354 0.154630
1 0.681250 0.296296 0.041667 0.148148
1 0.740625 0.396296 0.043750 0.168519
1 0.942708 0.365741 0.039583 0.166667
1 0.736979 0.181944 0.101042 0.097222
