1 0.039062 0.517130 0.018750 0.123148
1 0.055990 0.433333 0.031771 0.103704
1 0.219010 0.430093 0.032813 0.102778
1 0.336979 0.455093 0.028125 0.110185
1 0.395313 0.581481 0.031250 0.137037
1 0.453646 0.422685 0.017708 0.100926
1 0.398958 0.387500 0.022917 0.097222
1 0.397135 0.331481 0.020313 0.094444
1 0.421094 0.277778 0.022396 0.072222
1 0.476042 0.322222 0.014583 0.081481
1 0.575000 0.459259 0.019792 0.101852
1 0.568490 0.359259 0.034896 0.081481
1 0.660156 0.382870 0.025521 0.089815
1 0.688021 0.382870 0.019792 0.078704
1 0.777604 0.449074 0.019792 0.103704
1 0.825000 0.493981 0.021875 0.117593
1 0.944010 0.519444 0.026562 0.122222
