1 0.226562 0.665278 0.015625 0.050926
1 0.269010 0.768056 0.016146 0.047222
1 0.284635 0.748611 0.016146 0.050926
1 0.365104 0.589352 0.014583 0.032407
1 0.390365 0.586574 0.015104 0.037963
1 0.407552 0.636574 0.011979 0.039815
1 0.443490 0.608796 0.016146 0.030556
1 0.436458 0.718519 0.018750 0.044444
1 0.547135 0.613426 0.009896 0.037963
1 0.611198 0.623148 0.013021 0.044444
1 0.620833 0.700000 0.012500 0.027778
1 0.629687 0.668981 0.010417 0.039815
1 0.509115 0.547222 0.008854 0.037037
1 0.526823 0.488889 0.009896 0.029630
1 0.554427 0.451852 0.009896 0.031481
1 0.579688 0.485648 0.009375 0.032407
1 0.674740 0.538426 0.010937 0.034259
1 0.691406 0.545833 0.014063 0.036111
1 0.751302 0.732870 0.014063 0.060185
1 0.782552 0.730093 0.019271 0.052778
1 0.764583 0.627778 0.016667 0.044444
1 0.904687 0.503241 0.007292 0.037963
1 0.908073 0.825000 0.019271 0.050000
1 0.338802 0.900463 0.015104 0.071296
1 0.369531 0.926852 0.014063 0.064815
1 0.431771 0.905556 0.012500 0.061111
1 0.571354 0.885648 0.010417 0.062037
