1 0.183594 0.487500 0.025521 0.100926
1 0.208854 0.440741 0.019792 0.092593
1 0.451823 0.530093 0.026562 0.108333
1 0.467708 0.674074 0.027083 0.124074
1 0.222917 0.366667 0.026042 0.085185
1 0.139844 0.317130 0.016146 0.089815
1 0.272656 0.268981 0.021354 0.082407
1 0.546354 0.287963 0.027083 0.066667
1 0.612240 0.347685 0.024479 0.071296
1 0.639844 0.356481 0.038021 0.072222
1 0.663802 0.346759 0.016146 0.091667
1 0.936458 0.556944 0.035417 0.115741
1 0.609115 0.252315 0.033854 0.071296
1 0.858073 0.243519 0.021354 0.079630
