1 0.044531 0.498148 0.028646 0.124074
1 0.088281 0.564815 0.026562 0.120370
1 0.096875 0.471759 0.021875 0.112037
1 0.112760 0.492593 0.022396 0.116667
1 0.159896 0.476389 0.023958 0.115741
1 0.355469 0.381019 0.023438 0.100926
1 0.220052 0.472685 0.020313 0.117593
1 0.249219 0.481481 0.024479 0.118519
1 0.303385 0.495370 0.023438 0.112963
1 0.317448 0.476852 0.023438 0.111111
1 0.347656 0.489352 0.020313 0.106481
1 0.379427 0.481019 0.022396 0.106481
1 0.447917 0.495833 0.022917 0.104630
1 0.506250 0.488426 0.023958 0.104630
1 0.500521 0.669444 0.022917 0.103704
1 0.575260 0.590278 0.041146 0.117593
1 0.827344 0.594444 0.022396 0.116667
1 0.977083 0.562963 0.017708 0.114815
1 0.839844 0.486574 0.018229 0.102778
1 0.705469 0.489815 0.015104 0.105556
1 0.719792 0.482870 0.015625 0.115741
1 0.735156 0.482870 0.014063 0.106481
