0 0.260417 0.625000 0.018750 0.046296
0 0.355469 0.582870 0.020313 0.047222
0 0.407292 0.583796 0.017708 0.050926
0 0.535937 0.513426 0.011458 0.049074
0 0.423698 0.363426 0.015104 0.043519
0 0.472396 0.368056 0.014583 0.043519
0 0.455990 0.465278 0.017188 0.049074
0 0.512240 0.456019 0.015104 0.041667
0 0.590885 0.467130 0.009896 0.049074
0 0.531771 0.369907 0.012500 0.043519
0 0.447135 0.331481 0.009896 0.044444
0 0.467969 0.289352 0.014063 0.037963
0 0.506771 0.257870 0.010417 0.039815
0 0.545312 0.296296 0.010417 0.038889
0 0.344010 0.479630 0.019271 0.048148
0 0.271615 0.324074 0.019271 0.044444
0 0.667969 0.540741 0.015104 0.053704
0 0.683594 0.582870 0.013021 0.054630
0 0.730208 0.422685 0.010417 0.049074
0 0.850521 0.548611 0.013542 0.054630
0 0.672917 0.287963 0.009375 0.042593
1 0.230469 0.703704 0.005729 0.009259
