1 0.135417 0.428704 0.009375 0.044444
1 0.202865 0.558333 0.014063 0.051852
1 0.202865 0.337500 0.008854 0.036111
1 0.214062 0.372222 0.010417 0.038889
1 0.248958 0.329167 0.010417 0.032407
1 0.224479 0.292593 0.010417 0.033333
1 0.312760 0.314352 0.009896 0.034259
1 0.377865 0.500463 0.013021 0.045370
1 0.400781 0.540278 0.014063 0.047222
1 0.449479 0.445833 0.015625 0.036111
1 0.444010 0.389815 0.009896 0.037037
1 0.466927 0.393056 0.013021 0.039815
1 0.345573 0.233796 0.010937 0.030556
1 0.433333 0.281481 0.009375 0.029630
1 0.547656 0.555556 0.013021 0.044444
1 0.730729 0.554630 0.010417 0.046296
1 0.790365 0.669444 0.018229 0.062963
1 0.630469 0.404167 0.016146 0.041667
1 0.552604 0.421296 0.015625 0.038889
1 0.539583 0.362500 0.010417 0.039815
1 0.580469 0.342593 0.011979 0.035185
1 0.822135 0.342130 0.020313 0.039815
