1 0.163802 0.400000 0.011979 0.042593
1 0.373958 0.399074 0.009375 0.037037
1 0.411719 0.418056 0.009896 0.045370
1 0.219271 0.512037 0.014583 0.044444
1 0.254167 0.518981 0.013542 0.047222
1 0.379427 0.550926 0.013021 0.051852
1 0.236979 0.629167 0.012500 0.050926
1 0.246354 0.644907 0.012500 0.054630
1 0.495573 0.623611 0.008854 0.049074
1 0.498177 0.672222 0.011979 0.050000
1 0.498437 0.730093 0.011458 0.049074
1 0.526823 0.767593 0.010937 0.059259
1 0.613281 0.546296 0.010937 0.050000
1 0.696875 0.591204 0.015625 0.047222
1 0.542969 0.424537 0.008854 0.037963
1 0.483333 0.287037 0.009375 0.038889
1 0.425000 0.519907 0.013542 0.045370
1 0.664062 0.355556 0.010417 0.033333
1 0.725521 0.303241 0.010417 0.039815
1 0.818229 0.784259 0.015625 0.059259
1 0.894010 0.604630 0.017188 0.053704
1 0.847917 0.418056 0.011458 0.047222
1 0.603646 0.796296 0.012500 0.057407
1 0.792188 0.854167 0.014583 0.062037
