1 0.134635 0.651852 0.027604 0.114815
1 0.014583 0.407407 0.021875 0.088889
1 0.193750 0.404167 0.016667 0.089815
1 0.137500 0.293519 0.018750 0.077778
1 0.397396 0.431944 0.016667 0.084259
1 0.186458 0.208333 0.013542 0.062963
1 0.421094 0.303704 0.018229 0.075926
1 0.313021 0.727315 0.037500 0.113889
1 0.414844 0.835185 0.040104 0.124074
1 0.752083 0.892130 0.029167 0.130556
1 0.653125 0.544907 0.021875 0.104630
1 0.836979 0.571296 0.022917 0.103704
1 0.448698 0.458796 0.019271 0.091667
1 0.827083 0.353704 0.021875 0.085185
1 0.494792 0.247222 0.026042 0.074074
