1 0.141406 0.337963 0.009896 0.037037
1 0.181510 0.411111 0.013021 0.024074
1 0.228906 0.344907 0.010937 0.037963
1 0.237760 0.385185 0.010937 0.035185
1 0.321354 0.356019 0.010417 0.034259
1 0.378646 0.412037 0.015625 0.037037
1 0.331510 0.406481 0.011979 0.040741
1 0.250000 0.438426 0.010417 0.037963
1 0.306510 0.488426 0.014063 0.037963
1 0.293750 0.532407 0.011458 0.040741
1 0.291927 0.518519 0.015104 0.031481
1 0.343229 0.613426 0.021875 0.047222
1 0.313281 0.704630 0.014063 0.044444
1 0.585417 0.695833 0.012500 0.049074
1 0.594531 0.749537 0.011979 0.047222
1 0.697917 0.541667 0.008333 0.042593
1 0.809115 0.643981 0.011979 0.043519
1 0.518229 0.327778 0.010417 0.035185
1 0.602604 0.332407 0.010417 0.029630
1 0.648958 0.338426 0.011458 0.034259
1 0.884115 0.361111 0.006771 0.040741
1 0.955729 0.329167 0.008333 0.037963
1 0.942969 0.301389 0.008854 0.019444
1 0.522135 0.162963 0.010937 0.031481
