0 0.115885 0.537037 0.020313 0.107407
0 0.212500 0.419907 0.019792 0.095370
0 0.319271 0.364815 0.016667 0.090741
0 0.401302 0.406019 0.022396 0.086111
0 0.452344 0.433333 0.024479 0.092593
0 0.565365 0.259259 0.015104 0.068519
0 0.568229 0.325000 0.019792 0.074074
0 0.547656 0.450926 0.023438 0.085185
0 0.580729 0.527778 0.014583 0.090741
0 0.651042 0.601389 0.029167 0.106481
0 0.758333 0.445833 0.027083 0.089815
0 0.641927 0.275000 0.016146 0.062963
0 0.678646 0.257407 0.016667 0.053704
0 0.790885 0.307870 0.015104 0.073148
0 0.882292 0.271759 0.022917 0.056481
0 0.895052 0.447685 0.024479 0.093519
1 0.682031 0.280556 0.005729 0.009259
0 0.868229 0.896759 0.032292 0.143519
0 0.089844 0.945370 0.035937 0.109259
