0 0.426823 0.188426 0.009896 0.037963
0 0.465104 0.282870 0.009375 0.043519
0 0.558333 0.265741 0.008333 0.038889
0 0.504167 0.350000 0.009375 0.044444
0 0.558333 0.384722 0.010417 0.043519
0 0.242708 0.340278 0.010417 0.041667
0 0.310417 0.322222 0.009375 0.042593
0 0.408594 0.453704 0.014063 0.044444
0 0.477865 0.425926 0.009896 0.046296
0 0.679167 0.227778 0.010417 0.033333
0 0.705208 0.268056 0.011458 0.032407
0 0.724479 0.304630 0.012500 0.038889
0 0.749219 0.298611 0.009896 0.037963
0 0.629687 0.333333 0.010417 0.038889
0 0.676562 0.376389 0.013542 0.039815
0 0.205729 0.537963 0.009375 0.050000
0 0.212500 0.603241 0.013542 0.049074
0 0.483854 0.633796 0.010417 0.050926
0 0.694271 0.618981 0.012500 0.052778
0 0.713802 0.623611 0.013021 0.054630
0 0.822917 0.431944 0.012500 0.043519
0 0.835417 0.393056 0.009375 0.041667
1 0.684635 0.237963 0.004687 0.007407
