1 0.059635 0.551389 0.051562 0.149074
1 0.228906 0.543519 0.067187 0.151852
1 0.286979 0.455556 0.027083 0.124074
1 0.388281 0.451389 0.028646 0.134259
1 0.592969 0.530556 0.031771 0.146296
1 0.570312 0.413889 0.028125 0.114815
1 0.616667 0.453704 0.032292 0.129630
1 0.680990 0.422685 0.036979 0.121296
1 0.657813 0.315278 0.026042 0.082407
1 0.909375 0.313889 0.030208 0.092593
1 0.809635 0.403241 0.033854 0.112037
1 0.836719 0.442130 0.029687 0.115741
1 0.895312 0.491204 0.030208 0.136111
1 0.754167 0.487500 0.051042 0.110185
1 0.750000 0.749074 0.034375 0.188889
1 0.909635 0.739352 0.092188 0.197222
