0 0.245573 0.197685 0.011979 0.037963
0 0.217448 0.223611 0.010937 0.041667
0 0.232813 0.328241 0.016667 0.043519
0 0.226823 0.466667 0.020313 0.046296
0 0.184375 0.615741 0.018750 0.046296
0 0.309375 0.516204 0.015625 0.045370
0 0.325260 0.444907 0.010937 0.047222
0 0.340885 0.423148 0.011979 0.042593
0 0.358333 0.336111 0.015625 0.046296
0 0.367708 0.312500 0.011458 0.041667
0 0.207813 0.693519 0.017708 0.053704
0 0.442708 0.242130 0.009375 0.041667
0 0.520052 0.258796 0.009896 0.039815
0 0.621875 0.400926 0.016667 0.044444
0 0.543229 0.403241 0.015625 0.037963
0 0.499479 0.622222 0.016667 0.051852
0 0.628906 0.543981 0.021354 0.043519
0 0.731510 0.743519 0.017188 0.055556
0 0.720052 0.256019 0.015104 0.039815
0 0.688281 0.318056 0.008854 0.041667
0 0.856250 0.498611 0.016667 0.050926
0 0.976302 0.375926 0.011979 0.050000
1 0.437240 0.259259 0.004687 0.009259
