1 0.177083 0.411111 0.009375 0.046296
1 0.263802 0.491204 0.011979 0.049074
1 0.364583 0.320833 0.010417 0.032407
1 0.351302 0.336111 0.011979 0.037037
1 0.319010 0.409259 0.017188 0.044444
1 0.292187 0.456019 0.012500 0.049074
1 0.314323 0.476852 0.013021 0.051852
1 0.441667 0.340741 0.008333 0.038889
1 0.457031 0.376852 0.011979 0.038889
1 0.432552 0.407407 0.014063 0.040741
1 0.490625 0.473611 0.016667 0.050926
1 0.353385 0.536574 0.015104 0.050926
1 0.528385 0.316667 0.010937 0.033333
1 0.604167 0.331481 0.010417 0.038889
1 0.561198 0.458333 0.010937 0.048148
1 0.678646 0.398148 0.012500 0.040741
1 0.698698 0.479167 0.019271 0.054630
1 0.384896 0.681944 0.016667 0.065741
1 0.794531 0.371296 0.009896 0.044444
1 0.817969 0.378704 0.010937 0.040741
1 0.778125 0.449537 0.008333 0.049074
1 0.894792 0.483796 0.012500 0.052778
1 0.885417 0.325926 0.008333 0.038889
1 0.986719 0.332407 0.008854 0.042593
