1 0.185938 0.630556 0.007292 0.011111
0 0.152604 0.641204 0.012500 0.050926
0 0.245052 0.568981 0.020313 0.047222
0 0.258333 0.495833 0.015625 0.043519
0 0.285156 0.493056 0.015104 0.041667
0 0.298958 0.465741 0.011458 0.046296
0 0.327344 0.486574 0.015104 0.043519
0 0.372917 0.458796 0.010417 0.047222
0 0.437760 0.444907 0.009896 0.041667
0 0.420573 0.531481 0.014063 0.046296
0 0.455469 0.521296 0.009896 0.048148
0 0.317708 0.400000 0.016667 0.044444
0 0.344792 0.370370 0.012500 0.038889
0 0.357552 0.381019 0.014063 0.039815
0 0.382031 0.333796 0.013021 0.039815
0 0.426042 0.308333 0.009375 0.037037
0 0.412240 0.387963 0.015104 0.038889
0 0.451302 0.337963 0.009896 0.037037
0 0.195573 0.381019 0.013021 0.036111
0 0.511198 0.248611 0.009896 0.036111
0 0.610156 0.381944 0.008854 0.037963
0 0.764062 0.444907 0.011458 0.043519
0 0.921094 0.611111 0.023438 0.033333
