1 0.129427 0.478241 0.050521 0.069444
1 0.185677 0.470370 0.076563 0.140741
1 0.169531 0.707407 0.069271 0.179630
1 0.421615 0.509722 0.059896 0.156481
1 0.452344 0.416204 0.029687 0.158333
1 0.478125 0.428704 0.041667 0.172222
1 0.536198 0.534722 0.061979 0.173148
1 0.700521 0.496759 0.034375 0.158333
1 0.776302 0.691667 0.069271 0.207407
1 0.858333 0.777315 0.040625 0.239815
1 0.617188 0.451852 0.031250 0.168519
1 0.601302 0.409259 0.036979 0.175926
1 0.637500 0.430556 0.032292 0.159259
1 0.648958 0.420833 0.032292 0.149074
1 0.653385 0.385185 0.031771 0.164815
1 0.664844 0.371296 0.028646 0.140741
1 0.760156 0.393056 0.028646 0.156481
1 0.778385 0.425000 0.042188 0.151852
