1 0.933594 0.704630 0.015104 0.074074
1 0.317708 0.259722 0.008333 0.037963
1 0.051302 0.481481 0.009896 0.059259
1 0.144010 0.537037 0.016146 0.062963
1 0.182812 0.576852 0.017708 0.062963
1 0.227865 0.384259 0.011979 0.048148
1 0.148438 0.412037 0.010417 0.053704
1 0.287500 0.473611 0.010417 0.056481
1 0.334896 0.446296 0.010417 0.053704
1 0.345573 0.508796 0.014063 0.060185
1 0.376042 0.508333 0.012500 0.055556
1 0.371094 0.474074 0.015104 0.044444
1 0.365104 0.453241 0.012500 0.052778
1 0.413281 0.466667 0.011979 0.059259
1 0.441927 0.456481 0.013021 0.053704
1 0.483594 0.461111 0.010937 0.053704
1 0.420573 0.418519 0.008854 0.046296
1 0.433854 0.423148 0.011458 0.040741
1 0.449479 0.423148 0.009375 0.050000
1 0.459375 0.425463 0.008333 0.050926
1 0.464844 0.406944 0.009896 0.049074
1 0.482292 0.412037 0.012500 0.055556
