1 0.032292 0.343519 0.011458 0.044444
1 0.168750 0.632407 0.018750 0.050000
1 0.281250 0.472222 0.012500 0.051852
1 0.294792 0.531019 0.012500 0.050926
1 0.414323 0.493981 0.011979 0.047222
1 0.425781 0.471759 0.016146 0.047222
1 0.315104 0.384722 0.017708 0.049074
1 0.339323 0.308796 0.014063 0.039815
1 0.366667 0.239815 0.012500 0.035185
1 0.397917 0.204630 0.012500 0.035185
1 0.474219 0.399537 0.010937 0.043519
1 0.512500 0.351389 0.014583 0.039815
1 0.600000 0.318056 0.015625 0.039815
1 0.598698 0.506019 0.011979 0.049074
1 0.509896 0.427315 0.013542 0.043519
1 0.719010 0.635648 0.025521 0.052778
1 0.760677 0.574537 0.022396 0.060185
1 0.670052 0.530093 0.019271 0.050926
1 0.671094 0.485185 0.015104 0.050000
1 0.633333 0.295833 0.015625 0.041667
1 0.686458 0.337963 0.013542 0.042593
1 0.747396 0.358333 0.020833 0.046296
1 0.543750 0.842130 0.017708 0.067593
1 0.677604 0.841667 0.030208 0.061111
1 0.776823 0.852315 0.029687 0.056481
