1 0.198437 0.313426 0.014583 0.039815
1 0.306510 0.415278 0.011979 0.052778
1 0.273177 0.062037 0.015104 0.042593
1 0.400781 0.021296 0.013021 0.040741
1 0.408333 0.178241 0.014583 0.041667
1 0.444792 0.310185 0.016667 0.046296
1 0.482552 0.268981 0.018229 0.045370
1 0.594271 0.308333 0.012500 0.044444
1 0.506510 0.456481 0.015104 0.059259
1 0.532552 0.452315 0.013021 0.049074
1 0.639844 0.473148 0.019271 0.053704
1 0.716667 0.475926 0.013542 0.059259
1 0.751823 0.462500 0.014063 0.050926
1 0.547917 0.829630 0.017708 0.057407
1 0.666406 0.327315 0.013021 0.049074
1 0.708073 0.317593 0.018229 0.050000
1 0.912500 0.099537 0.020833 0.052778
1 0.981510 0.078241 0.015104 0.047222
