1 0.942448 0.712963 0.016146 0.072222
1 0.357031 0.269444 0.007812 0.042593
1 0.263021 0.390278 0.011458 0.049074
1 0.180469 0.420370 0.006771 0.051852
1 0.106250 0.468519 0.011458 0.055556
1 0.064323 0.544907 0.015104 0.062037
1 0.271094 0.541667 0.008854 0.064815
1 0.323177 0.493519 0.013021 0.055556
1 0.351042 0.532407 0.014583 0.061111
1 0.387240 0.525463 0.011979 0.056481
1 0.394531 0.470833 0.016146 0.063889
1 0.414062 0.469907 0.012500 0.054630
1 0.437760 0.486574 0.013021 0.060185
1 0.458594 0.487963 0.013021 0.053704
1 0.441406 0.442593 0.013021 0.048148
1 0.454688 0.445833 0.010417 0.047222
1 0.482292 0.440741 0.010417 0.055556
1 0.538542 0.455093 0.011458 0.052778
1 0.525781 0.420833 0.011979 0.069444
1 0.460417 0.387037 0.011458 0.037037
1 0.470833 0.392593 0.006250 0.025926
1 0.475260 0.412037 0.010937 0.050000
