1 0.152604 0.343056 0.012500 0.037963
1 0.165885 0.356019 0.007812 0.039815
1 0.119792 0.430556 0.009375 0.044444
1 0.122656 0.532407 0.014063 0.048148
1 0.219792 0.452315 0.011458 0.045370
1 0.350000 0.434259 0.011458 0.040741
1 0.417969 0.412037 0.010937 0.040741
1 0.443750 0.490741 0.007292 0.037037
1 0.225260 0.529630 0.013021 0.042593
1 0.215625 0.568519 0.015625 0.044444
1 0.251563 0.668519 0.016667 0.044444
1 0.183854 0.800000 0.028125 0.057407
1 0.428125 0.840278 0.014583 0.062037
1 0.520833 0.388426 0.009375 0.036111
1 0.537240 0.468056 0.017188 0.034259
1 0.632031 0.497685 0.013021 0.037963
1 0.573438 0.530556 0.020833 0.038889
1 0.784115 0.500926 0.008854 0.050000
1 0.704427 0.388889 0.010937 0.042593
1 0.638281 0.323611 0.010937 0.037963
1 0.707552 0.363889 0.010937 0.037037
1 0.719792 0.370370 0.011458 0.037037
1 0.850781 0.382870 0.014063 0.043519
1 0.922656 0.744907 0.010937 0.049074
