1 0.148438 0.621759 0.017708 0.073148
1 0.248438 0.502778 0.012500 0.059259
1 0.293490 0.491667 0.011979 0.050000
1 0.302344 0.498611 0.015104 0.030556
1 0.201563 0.432407 0.013542 0.053704
1 0.240885 0.387037 0.016146 0.048148
1 0.301823 0.400926 0.016146 0.053704
1 0.327604 0.457407 0.015625 0.048148
1 0.428125 0.530556 0.012500 0.061111
1 0.389844 0.338426 0.011979 0.043519
1 0.445833 0.367593 0.011458 0.046296
1 0.459115 0.491204 0.014063 0.054630
1 0.570312 0.562963 0.018750 0.059259
1 0.737240 0.722222 0.015104 0.081481
1 0.600781 0.544444 0.016146 0.061111
1 0.621615 0.502778 0.011979 0.062963
1 0.495833 0.446759 0.011458 0.050926
1 0.499740 0.429630 0.010937 0.053704
1 0.546875 0.457870 0.015625 0.054630
1 0.566146 0.503241 0.015625 0.054630
1 0.735938 0.594444 0.013542 0.064815
1 0.824479 0.455093 0.014583 0.062037
