1 0.058594 0.469907 0.054688 0.241667
1 0.138542 0.584722 0.044792 0.221296
1 0.282292 0.781019 0.060417 0.260185
1 0.018750 0.214352 0.036458 0.187963
1 0.283333 0.231019 0.036458 0.200926
1 0.389323 0.829167 0.049479 0.221296
1 0.420052 0.793056 0.038021 0.230556
1 0.551042 0.851852 0.065625 0.296296
1 0.458594 0.233796 0.048438 0.197222
1 0.512760 0.209259 0.044271 0.207407
1 0.523958 0.331481 0.042708 0.237037
1 0.657292 0.515278 0.077083 0.226852
1 0.755469 0.555556 0.059896 0.211111
1 0.808854 0.549537 0.058333 0.241667
1 0.926302 0.575463 0.053646 0.267593
1 0.807292 0.334259 0.089583 0.207407
