1 0.111979 0.521296 0.043750 0.151852
1 0.330208 0.665278 0.054167 0.165741
1 0.518750 0.599074 0.054167 0.144444
1 0.316146 0.317130 0.025000 0.097222
1 0.436719 0.350463 0.018229 0.082407
1 0.547135 0.211574 0.020313 0.075000
1 0.782031 0.861111 0.025521 0.148148
1 0.858854 0.828241 0.033333 0.152778
1 0.822396 0.762037 0.038542 0.124074
1 0.851042 0.438889 0.036458 0.131481
1 0.712760 0.405093 0.041146 0.112037
1 0.592969 0.269907 0.023438 0.082407
1 0.727344 0.359259 0.033854 0.107407
1 0.437240 0.465741 0.027604 0.103704
