1 0.163021 0.751389 0.039583 0.128704
1 0.192188 0.624074 0.028125 0.125926
1 0.151823 0.437963 0.022396 0.112963
1 0.136979 0.363889 0.030208 0.098148
1 0.188281 0.280093 0.030729 0.087963
1 0.216406 0.129630 0.021354 0.077778
1 0.336719 0.382870 0.035937 0.115741
1 0.377083 0.538426 0.033333 0.136111
1 0.418229 0.659722 0.033333 0.123148
1 0.477865 0.490278 0.030729 0.104630
1 0.388021 0.326389 0.038542 0.099074
1 0.358854 0.243056 0.030208 0.089815
1 0.492969 0.342130 0.039062 0.086111
1 0.675000 0.639815 0.031250 0.116667
1 0.773177 0.842130 0.029687 0.165741
1 0.990365 0.258333 0.019271 0.094444
