1 0.420312 0.607870 0.053125 0.173148
1 0.484115 0.512963 0.058854 0.135185
1 0.294792 0.322222 0.038542 0.100000
1 0.263802 0.274074 0.024479 0.059259
1 0.289323 0.265741 0.024479 0.085185
1 0.398698 0.244444 0.017188 0.075926
1 0.580469 0.373611 0.039062 0.115741
1 0.494531 0.258333 0.020313 0.077778
1 0.746094 0.413426 0.036979 0.137963
1 0.629167 0.309722 0.027083 0.078704
1 0.701562 0.311574 0.035417 0.106481
1 0.541667 0.213889 0.017708 0.053704
1 0.692969 0.238889 0.022396 0.064815
1 0.773177 0.238889 0.025521 0.055556
1 0.803646 0.263889 0.022917 0.087037
1 0.858854 0.219444 0.011458 0.083333
