1 0.091927 0.423611 0.056771 0.112037
1 0.094531 0.269907 0.041146 0.113889
1 0.202865 0.305093 0.057813 0.112037
1 0.227865 0.274537 0.038021 0.110185
1 0.361979 0.309722 0.050000 0.108333
1 0.352604 0.206019 0.038542 0.086111
1 0.396875 0.228704 0.031250 0.088889
1 0.440365 0.231944 0.042188 0.126852
1 0.526563 0.293519 0.028125 0.124074
1 0.540625 0.285648 0.022917 0.132407
1 0.621354 0.284722 0.030208 0.112037
1 0.727344 0.289352 0.029687 0.123148
1 0.664062 0.193519 0.034375 0.087037
1 0.810156 0.220833 0.033854 0.115741
1 0.975000 0.212963 0.039583 0.109259
