1 0.018490 0.738889 0.035937 0.162963
1 0.274740 0.612037 0.047396 0.157407
1 0.100000 0.311574 0.045833 0.136111
1 0.322917 0.547222 0.033333 0.157407
1 0.414583 0.503241 0.028125 0.149074
1 0.466146 0.473148 0.038542 0.138889
1 0.556250 0.372685 0.033333 0.145370
1 0.655208 0.541204 0.036458 0.104630
1 0.683594 0.516204 0.036979 0.128704
1 0.669531 0.335648 0.016146 0.125000
1 0.724219 0.329630 0.023438 0.140741
1 0.790885 0.459722 0.031771 0.141667
1 0.826562 0.358333 0.039583 0.150000
1 0.903385 0.276389 0.032813 0.130556
1 0.861198 0.634259 0.041146 0.179630
1 0.983073 0.533333 0.030729 0.175926
