1 0.161458 0.580556 0.046875 0.161111
1 0.019531 0.377778 0.038021 0.124074
1 0.083594 0.349074 0.059896 0.109259
1 0.175260 0.291204 0.051562 0.128704
1 0.301563 0.433333 0.048958 0.122222
1 0.388802 0.283333 0.035937 0.135185
1 0.422396 0.337037 0.029167 0.144444
1 0.489323 0.353704 0.035937 0.148148
1 0.552083 0.269907 0.038542 0.106481
1 0.607552 0.193519 0.025521 0.101852
1 0.640365 0.253241 0.029687 0.123148
1 0.686719 0.785185 0.051562 0.183333
1 0.659635 0.425463 0.031771 0.136111
1 0.869792 0.350926 0.040625 0.155556
1 0.916146 0.247685 0.034375 0.128704
1 0.926302 0.168056 0.057813 0.095370
