1 0.125260 0.467593 0.047396 0.125926
1 0.323177 0.432407 0.045312 0.122222
1 0.438802 0.544444 0.038021 0.129630
1 0.207552 0.218519 0.042188 0.112963
1 0.262240 0.169444 0.036979 0.116667
1 0.518490 0.542130 0.055729 0.137963
1 0.604688 0.559259 0.053125 0.138889
1 0.602344 0.254630 0.032813 0.129630
1 0.526302 0.077315 0.042188 0.099074
1 0.766927 0.106944 0.051562 0.099074
1 0.799219 0.392593 0.030729 0.118519
1 0.864062 0.509259 0.041667 0.131481
1 0.887240 0.303704 0.054688 0.111111
1 0.948958 0.486111 0.031250 0.127778
