1 0.169792 0.567130 0.039583 0.132407
1 0.043490 0.308333 0.022396 0.090741
1 0.159375 0.366204 0.025000 0.106481
1 0.230208 0.211111 0.029167 0.072222
1 0.497656 0.580093 0.038021 0.126852
1 0.366406 0.461574 0.031771 0.126852
1 0.633333 0.533333 0.040625 0.159259
1 0.549479 0.272222 0.020833 0.087037
1 0.659635 0.312037 0.029687 0.101852
1 0.763802 0.656481 0.052604 0.122222
1 0.782813 0.842130 0.042708 0.132407
1 0.817448 0.863889 0.055729 0.175926
1 0.887500 0.364352 0.032292 0.126852
1 0.800260 0.243981 0.016146 0.073148
1 0.779427 0.188426 0.018229 0.056481
