1 0.053125 0.547685 0.039583 0.154630
1 0.734375 0.638889 0.063542 0.137037
1 0.800000 0.624074 0.042708 0.101852
1 0.843750 0.739352 0.065625 0.160185
1 0.541667 0.286574 0.018750 0.115741
1 0.424219 0.030093 0.019271 0.058333
1 0.636719 0.185185 0.041146 0.124074
1 0.726823 0.306944 0.034896 0.128704
1 0.806510 0.430556 0.045312 0.183333
1 0.324479 0.357407 0.027083 0.109259
1 0.800781 0.217593 0.029687 0.131481
1 0.746094 0.120833 0.025521 0.110185
1 0.678125 0.108796 0.030208 0.115741
1 0.726562 0.100463 0.021875 0.110185
1 0.992708 0.090741 0.014583 0.138889
