1 0.095573 0.600463 0.036979 0.141667
1 0.229167 0.474537 0.031250 0.132407
1 0.334115 0.430556 0.030729 0.125926
1 0.373177 0.450463 0.040104 0.117593
1 0.490365 0.480556 0.023438 0.120370
1 0.498437 0.393519 0.021875 0.112963
1 0.590885 0.645833 0.035937 0.162037
1 0.845052 0.751852 0.041146 0.174074
1 0.901302 0.486111 0.023438 0.112963
1 0.588542 0.331019 0.021875 0.093519
1 0.608594 0.310185 0.018229 0.070370
1 0.652604 0.307870 0.027083 0.089815
1 0.886198 0.369907 0.018229 0.099074
1 0.907552 0.422222 0.016146 0.085185
1 0.588542 0.473148 0.022917 0.118519
