1 0.116406 0.642130 0.051562 0.150926
1 0.088281 0.838889 0.045312 0.112963
1 0.092448 0.433333 0.041146 0.096296
1 0.135417 0.482407 0.032292 0.116667
1 0.190365 0.458333 0.042188 0.116667
1 0.424740 0.825000 0.048438 0.172222
1 0.567448 0.621759 0.025521 0.137963
1 0.571094 0.506944 0.035937 0.126852
1 0.730990 0.708333 0.036979 0.172222
1 0.749219 0.591667 0.035937 0.150000
1 0.703906 0.420833 0.049479 0.119444
1 0.809635 0.358333 0.046354 0.122222
1 0.942448 0.484259 0.026562 0.137037
1 0.966927 0.545370 0.027604 0.162963
