1 0.226823 0.399074 0.047396 0.183333
1 0.023177 0.298611 0.041146 0.176852
1 0.163281 0.128704 0.026562 0.133333
1 0.240625 0.222222 0.034375 0.150000
1 0.409635 0.347685 0.032813 0.149074
1 0.742969 0.412037 0.040104 0.168519
1 0.944010 0.394444 0.035937 0.196296
1 0.316146 0.175463 0.030208 0.130556
1 0.343750 0.171296 0.027083 0.131481
1 0.366927 0.155093 0.018229 0.134259
1 0.382812 0.184722 0.022917 0.110185
1 0.413021 0.184259 0.025000 0.144444
1 0.444010 0.227315 0.042188 0.134259
1 0.480729 0.199074 0.027083 0.129630
1 0.542188 0.262037 0.033333 0.114815
1 0.567708 0.319907 0.050000 0.123148
1 0.625260 0.324537 0.057813 0.130556
1 0.754687 0.335185 0.031250 0.168519
1 0.737240 0.190278 0.059896 0.108333
