1 0.159896 0.712500 0.038542 0.158333
1 0.167708 0.378241 0.021875 0.091667
1 0.203906 0.398611 0.023438 0.100926
1 0.409115 0.504630 0.039062 0.116667
1 0.536719 0.495833 0.022396 0.108333
1 0.774219 0.731019 0.045312 0.152778
1 0.876823 0.763426 0.040104 0.143519
1 0.433073 0.384259 0.016146 0.081481
1 0.239583 0.213889 0.025000 0.070370
1 0.403646 0.256944 0.018750 0.067593
1 0.513542 0.299074 0.020833 0.072222
1 0.664844 0.354630 0.017188 0.092593
1 0.758333 0.494907 0.027083 0.106481
1 0.810156 0.416667 0.026562 0.101852
1 0.986458 0.561111 0.027083 0.133333
