0 0.082552 0.473611 0.031771 0.102778
0 0.326562 0.451389 0.018750 0.093519
0 0.291146 0.300000 0.022917 0.079630
1 0.278385 0.336111 0.008854 0.012963
0 0.331510 0.423611 0.018229 0.091667
0 0.388021 0.401389 0.029167 0.084259
0 0.616146 0.415741 0.025000 0.088889
0 0.567708 0.211574 0.019792 0.082407
0 0.666406 0.265741 0.016146 0.085185
0 0.680990 0.415741 0.023438 0.079630
0 0.736458 0.527778 0.028125 0.094444
0 0.802865 0.360185 0.020313 0.075926
0 0.840365 0.340741 0.026562 0.094444
0 0.871875 0.399537 0.031250 0.087963
0 0.623958 0.872685 0.026042 0.143519
0 0.671094 0.029630 0.015104 0.057407
0 0.994010 0.525463 0.011979 0.099074
0 0.991146 0.377778 0.017708 0.087037
0 0.993229 0.238889 0.012500 0.081481
