1 0.052865 0.792130 0.030729 0.130556
1 0.065885 0.474074 0.026562 0.112963
1 0.181510 0.341667 0.023438 0.088889
1 0.387500 0.347222 0.025000 0.070370
1 0.425781 0.351852 0.039062 0.085185
1 0.483594 0.363889 0.024479 0.083333
1 0.523438 0.324074 0.019792 0.085185
1 0.579167 0.486111 0.017708 0.105556
1 0.671094 0.602778 0.018229 0.118519
1 0.719531 0.494907 0.019271 0.106481
1 0.722917 0.419444 0.027083 0.103704
1 0.913021 0.581944 0.016667 0.113889
1 0.928906 0.583796 0.022396 0.119444
1 0.970833 0.612037 0.032292 0.125926
