0 0.230208 0.675926 0.030208 0.118519
0 0.276302 0.392130 0.024479 0.087963
1 0.470573 0.348148 0.010937 0.016667
0 0.424740 0.399537 0.023438 0.076852
0 0.371094 0.271759 0.015104 0.073148
0 0.503385 0.506944 0.028646 0.104630
0 0.445312 0.613889 0.030208 0.111111
0 0.479427 0.620370 0.036979 0.105556
0 0.540104 0.401852 0.022917 0.092593
0 0.679167 0.447222 0.028125 0.107407
0 0.801562 0.574074 0.023958 0.101852
0 0.867188 0.744444 0.031250 0.127778
0 0.832292 0.506944 0.023958 0.112037
0 0.905469 0.414352 0.024479 0.097222
0 0.457292 0.943981 0.034375 0.095370
0 0.543750 0.961574 0.023958 0.067593
