1 0.007812 0.340741 0.012500 0.081481
1 0.029948 0.348148 0.019271 0.075926
1 0.116406 0.339352 0.015104 0.075000
1 0.416146 0.491204 0.019792 0.089815
1 0.411979 0.391667 0.017708 0.081481
1 0.445833 0.292130 0.020833 0.071296
1 0.247656 0.686574 0.022396 0.102778
1 0.493229 0.474537 0.018750 0.084259
1 0.746615 0.712037 0.021354 0.101852
1 0.892708 0.725000 0.030208 0.112963
1 0.895052 0.453241 0.028646 0.095370
1 0.538802 0.322685 0.018229 0.075000
1 0.597917 0.254630 0.014583 0.064815
1 0.696354 0.300926 0.017708 0.075926
1 0.769792 0.274074 0.017708 0.074074
