1 0.248438 0.485185 0.017708 0.079630
1 0.415885 0.403704 0.017188 0.062963
1 0.369271 0.291204 0.015625 0.056481
1 0.452604 0.365278 0.013542 0.065741
1 0.492969 0.231944 0.014063 0.049074
1 0.148698 0.685648 0.023438 0.087963
1 0.494271 0.497685 0.015625 0.069444
1 0.564844 0.356481 0.015104 0.062963
1 0.665625 0.261574 0.015625 0.054630
1 0.783073 0.275000 0.008854 0.055556
1 0.640625 0.431019 0.016667 0.075000
1 0.632552 0.600463 0.022396 0.080556
1 0.900781 0.831944 0.020313 0.106481
1 0.870052 0.469444 0.018229 0.077778
1 0.959115 0.370833 0.013021 0.075000
