1 0.055208 0.432870 0.013542 0.058333
1 0.221094 0.640741 0.013021 0.068519
1 0.273698 0.432870 0.010937 0.063889
1 0.293229 0.396296 0.015625 0.057407
1 0.386719 0.522222 0.015104 0.061111
1 0.382292 0.433796 0.013542 0.052778
1 0.548958 0.596296 0.026042 0.061111
1 0.492969 0.479630 0.011979 0.061111
1 0.454427 0.393056 0.009896 0.058333
1 0.512240 0.299074 0.009896 0.051852
1 0.491927 0.275000 0.013021 0.044444
1 0.635938 0.316667 0.009375 0.051852
1 0.655990 0.437037 0.020313 0.062963
1 0.877344 0.521759 0.022396 0.060185
1 0.846875 0.395833 0.013542 0.060185
1 0.810417 0.695833 0.017708 0.086111
