0 0.297396 0.511111 0.029167 0.124074
0 0.428385 0.463889 0.025521 0.107407
0 0.476302 0.430093 0.021354 0.104630
0 0.603385 0.529630 0.017188 0.116667
0 0.624219 0.537037 0.024479 0.120370
0 0.688021 0.552315 0.030208 0.119444
0 0.585677 0.356481 0.026562 0.098148
0 0.623698 0.307870 0.018229 0.095370
0 0.640625 0.242130 0.019792 0.078704
0 0.735938 0.345370 0.020833 0.092593
0 0.755990 0.406019 0.026562 0.071296
0 0.778125 0.432870 0.030208 0.037963
0 0.796875 0.406019 0.020833 0.106481
0 0.807813 0.162963 0.017708 0.085185
0 0.431771 0.376389 0.020833 0.095370
0 0.405990 0.271759 0.020313 0.093519
0 0.360417 0.160648 0.019792 0.084259
0 0.395833 0.086111 0.016667 0.083333
0 0.396354 0.085185 0.021875 0.077778
0 0.461198 0.119444 0.021354 0.085185
0 0.520052 0.194907 0.017188 0.091667
