1 0.012760 0.369907 0.024479 0.104630
1 0.335938 0.443056 0.033333 0.102778
1 0.436719 0.514815 0.034896 0.118519
1 0.477083 0.342130 0.019792 0.089815
1 0.583333 0.382870 0.031250 0.100926
1 0.702083 0.300463 0.020833 0.062037
1 0.686719 0.667130 0.028646 0.126852
1 0.702083 0.594907 0.020833 0.117593
1 0.689844 0.529167 0.023438 0.110185
1 0.817708 0.756944 0.033333 0.132407
1 0.806250 0.733333 0.036458 0.135185
1 0.801302 0.694907 0.022396 0.119444
1 0.823698 0.582870 0.036979 0.121296
1 0.918229 0.668056 0.031250 0.128704
1 0.892969 0.558333 0.021354 0.129630
1 0.957031 0.568519 0.030729 0.122222
1 0.996094 0.643981 0.005729 0.115741
