0 0.520833 0.814815 0.025000 0.138889
0 0.470573 0.375463 0.023438 0.091667
0 0.083594 0.441667 0.025521 0.098148
0 0.287500 0.356481 0.021875 0.079630
0 0.131771 0.307407 0.019792 0.079630
0 0.244531 0.237037 0.026562 0.081481
0 0.435677 0.309259 0.019271 0.079630
0 0.430990 0.405093 0.027604 0.082407
0 0.432812 0.440741 0.031250 0.098148
0 0.444010 0.275000 0.028646 0.081481
0 0.618750 0.223611 0.017708 0.073148
1 0.629687 0.256019 0.006250 0.010185
0 0.657031 0.361574 0.029687 0.075000
0 0.773958 0.426389 0.027083 0.091667
0 0.778125 0.373611 0.023958 0.080556
0 0.790625 0.313426 0.033333 0.078704
