1 0.466667 0.259722 0.008333 0.012037
0 0.472656 0.213889 0.021354 0.066667
0 0.498958 0.086111 0.020833 0.070370
0 0.276562 0.500463 0.026042 0.100926
0 0.471094 0.431019 0.032813 0.095370
0 0.560156 0.481481 0.021354 0.103704
0 0.584375 0.356019 0.030208 0.086111
0 0.640104 0.311111 0.026042 0.083333
0 0.733594 0.337963 0.030729 0.096296
0 0.753906 0.425000 0.019271 0.098148
0 0.223698 0.332407 0.020313 0.083333
0 0.242969 0.333333 0.024479 0.088889
0 0.834896 0.452778 0.025000 0.096296
0 0.851562 0.431481 0.030208 0.100000
0 0.928385 0.312500 0.026562 0.078704
0 0.477083 0.901389 0.037500 0.152778
