0 0.342448 0.457407 0.014063 0.053704
0 0.336198 0.439815 0.011979 0.053704
0 0.297135 0.568981 0.016146 0.060185
0 0.342708 0.562500 0.013542 0.060185
0 0.242448 0.320833 0.015104 0.049074
0 0.348958 0.401389 0.013542 0.058333
0 0.375781 0.364352 0.011979 0.050926
0 0.389583 0.311111 0.018750 0.044444
1 0.396094 0.331481 0.004687 0.009259
0 0.413281 0.257870 0.015104 0.047222
0 0.459896 0.353704 0.011458 0.055556
0 0.477604 0.349537 0.013542 0.049074
0 0.500521 0.464815 0.011458 0.055556
0 0.534896 0.432870 0.014583 0.050926
0 0.545312 0.511111 0.017708 0.055556
0 0.581771 0.337500 0.012500 0.050926
0 0.665104 0.416667 0.013542 0.057407
0 0.652083 0.366667 0.015625 0.050000
0 0.660937 0.273611 0.012500 0.049074
0 0.824219 0.312963 0.015104 0.055556
0 0.534896 0.714815 0.016667 0.066667
0 0.948177 0.631019 0.020313 0.069444
0 0.693750 0.546296 0.014583 0.062963
