1 0.082031 0.404630 0.019271 0.070370
1 0.113281 0.403241 0.014063 0.071296
1 0.300521 0.496759 0.018750 0.080556
1 0.370833 0.496296 0.017708 0.074074
1 0.405729 0.416204 0.031250 0.063889
1 0.404948 0.312963 0.015104 0.064815
1 0.474740 0.416204 0.019271 0.065741
1 0.532031 0.404167 0.019271 0.063889
1 0.536719 0.364815 0.017188 0.057407
1 0.594271 0.443981 0.022917 0.075000
1 0.628646 0.464352 0.022917 0.073148
1 0.644271 0.356944 0.020833 0.062037
1 0.502604 0.598611 0.018750 0.080556
1 0.824219 0.550000 0.023438 0.074074
1 0.735417 0.441667 0.022917 0.068519
1 0.762760 0.362037 0.013021 0.064815
1 0.806510 0.433333 0.018229 0.072222
1 0.922396 0.560648 0.019792 0.078704
1 0.313021 0.725926 0.020833 0.107407
