0 0.016927 0.578241 0.022396 0.095370
0 0.108854 0.566204 0.030208 0.097222
0 0.271615 0.564815 0.027604 0.092593
0 0.242188 0.421296 0.019792 0.079630
0 0.308854 0.382407 0.022917 0.075926
0 0.249479 0.279630 0.014583 0.077778
0 0.298698 0.332407 0.019271 0.081481
0 0.425521 0.232870 0.013542 0.071296
0 0.549479 0.476852 0.016667 0.087037
0 0.548438 0.452778 0.017708 0.075926
0 0.783333 0.531019 0.023958 0.093519
0 0.854688 0.527315 0.028125 0.089815
1 0.857031 0.567130 0.007812 0.012037
0 0.763281 0.402315 0.019271 0.075000
0 0.694531 0.365278 0.021354 0.076852
0 0.685417 0.316204 0.015625 0.069444
0 0.136719 0.956019 0.028646 0.087963
