1 0.098958 0.541667 0.019792 0.098148
1 0.164844 0.385648 0.018229 0.080556
1 0.253646 0.309722 0.015625 0.075000
1 0.218490 0.266667 0.015104 0.077778
1 0.400000 0.330556 0.017708 0.074074
1 0.441667 0.245833 0.020833 0.065741
1 0.499479 0.335648 0.014583 0.075000
1 0.461458 0.489815 0.018750 0.088889
1 0.448177 0.473148 0.017188 0.085185
1 0.531510 0.329167 0.017188 0.073148
1 0.506250 0.274074 0.013542 0.066667
1 0.150521 0.580556 0.025000 0.103704
1 0.675260 0.791204 0.019271 0.108333
1 0.590885 0.485648 0.019271 0.086111
1 0.743229 0.425000 0.023958 0.092593
1 0.883333 0.322222 0.017708 0.050000
1 0.900521 0.317130 0.016667 0.071296
1 0.980729 0.391667 0.019792 0.085185
1 0.986198 0.599537 0.022396 0.102778
