1 0.111979 0.400463 0.013542 0.076852
1 0.120833 0.403241 0.013542 0.076852
1 0.197135 0.360648 0.015104 0.073148
1 0.208594 0.237500 0.013021 0.058333
1 0.232292 0.349074 0.017708 0.068519
1 0.265365 0.392130 0.027604 0.071296
1 0.355990 0.415741 0.024479 0.072222
1 0.381250 0.422685 0.025000 0.060185
1 0.402604 0.384722 0.020833 0.067593
1 0.432292 0.468519 0.019792 0.068519
1 0.549479 0.383333 0.017708 0.059259
1 0.453646 0.253704 0.015625 0.062963
1 0.471615 0.268519 0.017188 0.059259
1 0.570052 0.301852 0.017188 0.066667
1 0.571875 0.487963 0.021875 0.068519
1 0.615625 0.393981 0.023958 0.058333
1 0.732552 0.522685 0.022396 0.076852
1 0.123177 0.659722 0.028646 0.089815
