0 0.242708 0.854630 0.046875 0.146296
0 0.227083 0.664815 0.042708 0.127778
0 0.273438 0.676389 0.048958 0.136111
0 0.260156 0.566667 0.024479 0.112963
0 0.422396 0.337500 0.020833 0.104630
0 0.083594 0.666204 0.033854 0.136111
0 0.095312 0.238426 0.038542 0.097222
1 0.855208 0.567130 0.010417 0.019444
0 0.576042 0.639352 0.025000 0.132407
0 0.603125 0.592130 0.030208 0.126852
0 0.668490 0.668981 0.031771 0.132407
0 0.711719 0.530093 0.039062 0.102778
0 0.694792 0.433333 0.043750 0.107407
0 0.888802 0.318056 0.029687 0.100926
0 0.806510 0.524074 0.046354 0.111111
0 0.092708 0.133333 0.020833 0.090741
0 0.096354 0.093056 0.016667 0.080556
0 0.313802 0.031481 0.021354 0.061111
