0 0.860677 0.417593 0.020313 0.090741
0 0.834115 0.274537 0.021354 0.073148
0 0.527604 0.234722 0.019792 0.075000
0 0.535417 0.426852 0.019792 0.079630
0 0.592969 0.292593 0.015104 0.070370
0 0.764583 0.328241 0.014583 0.073148
0 0.756250 0.503241 0.021875 0.102778
0 0.498437 0.200926 0.015625 0.064815
1 0.515104 0.235185 0.005208 0.016667
0 0.234115 0.549074 0.023438 0.105556
0 0.218750 0.524074 0.023958 0.096296
0 0.195573 0.436574 0.017188 0.087963
0 0.249740 0.342593 0.019271 0.090741
0 0.365625 0.336111 0.025000 0.083333
0 0.375781 0.412500 0.018229 0.086111
0 0.495052 0.407407 0.019271 0.081481
0 0.044792 0.391667 0.017708 0.087037
0 0.036458 0.249537 0.017708 0.076852
0 0.286719 0.912963 0.026562 0.174074
