0 0.066927 0.509259 0.010937 0.048148
0 0.125521 0.465278 0.010417 0.045370
0 0.136198 0.485648 0.009896 0.049074
0 0.099219 0.573611 0.011979 0.047222
0 0.155729 0.415741 0.012500 0.044444
0 0.276302 0.407870 0.007812 0.045370
0 0.279948 0.268056 0.006771 0.037963
0 0.334115 0.282407 0.009896 0.038889
0 0.464844 0.353704 0.009896 0.040741
0 0.393490 0.532870 0.010937 0.043519
0 0.526042 0.295833 0.009375 0.037963
0 0.592187 0.461111 0.010417 0.042593
0 0.634375 0.415278 0.011458 0.041667
0 0.649479 0.292593 0.008333 0.040741
0 0.738281 0.218519 0.009896 0.037037
0 0.735677 0.218519 0.014063 0.037037
0 0.748958 0.259722 0.009375 0.039815
0 0.783854 0.328241 0.009375 0.037963
0 0.777344 0.449537 0.010937 0.043519
0 0.825000 0.414352 0.009375 0.041667
0 0.836979 0.370370 0.010417 0.044444
0 0.907292 0.359259 0.008333 0.046296
