0 0.279427 0.627778 0.024479 0.061111
0 0.276562 0.744907 0.015625 0.071296
0 0.341927 0.506019 0.011979 0.058333
0 0.277865 0.354167 0.010937 0.054630
0 0.347656 0.321296 0.011979 0.053704
0 0.329427 0.259259 0.011979 0.053704
0 0.185156 0.516667 0.014063 0.066667
0 0.460156 0.442130 0.011979 0.056481
0 0.455990 0.377315 0.008854 0.050926
0 0.460677 0.357870 0.014063 0.050926
0 0.518490 0.326389 0.018229 0.056481
0 0.560156 0.357407 0.011979 0.055556
0 0.552865 0.452778 0.009896 0.055556
0 0.588802 0.608796 0.014063 0.063889
0 0.778906 0.664815 0.010937 0.066667
0 0.646615 0.388889 0.017188 0.059259
0 0.643750 0.321296 0.015625 0.055556
0 0.766146 0.327778 0.012500 0.061111
0 0.753385 0.280556 0.008854 0.051852
0 0.732552 0.248148 0.011979 0.053704
0 0.852604 0.442593 0.016667 0.068519
