0 0.190625 0.628704 0.022917 0.070370
0 0.284375 0.581481 0.017708 0.061111
0 0.352865 0.592130 0.009896 0.060185
0 0.285417 0.701852 0.032292 0.064815
0 0.328646 0.717130 0.014583 0.065741
1 0.221615 0.625000 0.006771 0.011111
0 0.189844 0.376389 0.016146 0.050926
0 0.280990 0.343056 0.015104 0.054630
0 0.280990 0.267130 0.010937 0.049074
0 0.423698 0.441204 0.011979 0.054630
0 0.557292 0.623148 0.017708 0.059259
0 0.554427 0.598611 0.022396 0.058333
0 0.504687 0.480093 0.010417 0.054630
0 0.545833 0.416667 0.016667 0.055556
0 0.640365 0.475463 0.011979 0.060185
0 0.649219 0.579167 0.016146 0.062037
0 0.734635 0.397222 0.018229 0.053704
0 0.728906 0.303704 0.009896 0.053704
0 0.750521 0.284259 0.013542 0.053704
0 0.776823 0.398148 0.019271 0.055556
0 0.779948 0.709722 0.017188 0.067593
0 0.783333 0.572222 0.017708 0.072222
