1 0.425260 0.586574 0.025521 0.097222
1 0.411198 0.581019 0.036979 0.086111
1 0.402344 0.559259 0.030729 0.085185
1 0.451302 0.486574 0.022396 0.087963
1 0.464844 0.524537 0.020313 0.086111
1 0.482812 0.528704 0.031250 0.090741
1 0.492969 0.545833 0.028646 0.080556
1 0.524219 0.507870 0.018229 0.093519
1 0.531250 0.505093 0.017708 0.078704
1 0.618750 0.631944 0.022917 0.104630
1 0.711979 0.588889 0.020833 0.098148
1 0.678646 0.486574 0.030208 0.073148
1 0.648438 0.541667 0.023958 0.088889
1 0.634375 0.534722 0.025000 0.082407
1 0.616667 0.509259 0.015625 0.088889
1 0.649479 0.501852 0.023958 0.083333
1 0.627604 0.512500 0.023958 0.087963
1 0.608854 0.473611 0.023958 0.060185
1 0.859896 0.696296 0.027083 0.105556
1 0.948438 0.557870 0.018750 0.091667
