1 0.007812 0.511574 0.014583 0.102778
1 0.089583 0.350000 0.031250 0.098148
1 0.210156 0.415741 0.032813 0.101852
1 0.397396 0.502315 0.023958 0.115741
1 0.419271 0.372685 0.023958 0.093519
1 0.480208 0.591204 0.030208 0.115741
1 0.628125 0.488889 0.032292 0.105556
1 0.567187 0.413426 0.025000 0.108333
1 0.479167 0.360185 0.040625 0.070370
1 0.469010 0.345833 0.029687 0.078704
1 0.729167 0.629630 0.027083 0.120370
1 0.816406 0.543056 0.028646 0.113889
1 0.847917 0.533333 0.043750 0.116667
1 0.942708 0.703241 0.028125 0.134259
1 0.930208 0.645833 0.031250 0.102778
1 0.959635 0.628704 0.043229 0.118519
1 0.984635 0.592593 0.027604 0.124074
