0 0.221615 0.293981 0.023438 0.065741
0 0.235417 0.303241 0.028125 0.054630
0 0.224740 0.389352 0.021354 0.075000
0 0.246094 0.377778 0.021354 0.070370
0 0.248958 0.441204 0.025000 0.071296
0 0.331250 0.444907 0.020833 0.075000
0 0.405208 0.367130 0.020833 0.067593
0 0.162240 0.331019 0.015104 0.065741
0 0.046875 0.423148 0.017708 0.087037
0 0.069792 0.483796 0.030208 0.076852
0 0.264323 0.578704 0.025521 0.085185
0 0.459896 0.471759 0.028125 0.082407
0 0.547656 0.455556 0.026562 0.085185
0 0.570052 0.499074 0.024479 0.085185
0 0.601042 0.525463 0.022917 0.089815
0 0.840365 0.410185 0.018229 0.087037
