1 0.240104 0.722222 0.030208 0.096296
1 0.179688 0.658796 0.016667 0.095370
1 0.196615 0.658333 0.020313 0.098148
1 0.201563 0.655556 0.014583 0.088889
1 0.215104 0.665278 0.023958 0.086111
1 0.241667 0.599537 0.018750 0.089815
1 0.304948 0.760185 0.021354 0.103704
1 0.328646 0.670833 0.017708 0.093519
1 0.329167 0.598611 0.018750 0.080556
1 0.482552 0.728704 0.021354 0.101852
1 0.416927 0.744907 0.026562 0.099074
1 0.383073 0.736574 0.023438 0.095370
1 0.440365 0.688889 0.017188 0.096296
1 0.404167 0.683796 0.015625 0.087963
1 0.391927 0.672222 0.014063 0.085185
1 0.445052 0.638426 0.016146 0.078704
1 0.428125 0.625463 0.014583 0.087963
1 0.431771 0.617593 0.019792 0.083333
1 0.451042 0.625926 0.012500 0.088889
