1 0.084635 0.755093 0.021354 0.095370
1 0.510417 0.646759 0.021875 0.087963
1 0.408073 0.475926 0.015104 0.072222
1 0.339583 0.422222 0.012500 0.066667
1 0.251302 0.314815 0.011979 0.055556
1 0.367188 0.212963 0.010417 0.044444
1 0.774219 0.774537 0.021354 0.102778
1 0.848177 0.440278 0.015104 0.071296
1 0.772396 0.315278 0.017708 0.060185
1 0.818490 0.303241 0.016146 0.063889
1 0.687760 0.239815 0.011979 0.046296
1 0.561198 0.249074 0.011979 0.051852
1 0.483594 0.471759 0.014063 0.071296
1 0.534635 0.389352 0.014063 0.063889
1 0.593490 0.375926 0.015104 0.059259
