0 0.097396 0.388889 0.015625 0.062963
0 0.214062 0.450463 0.018750 0.060185
0 0.120052 0.593519 0.024479 0.070370
0 0.281510 0.447222 0.015104 0.050000
0 0.233333 0.391667 0.011458 0.055556
0 0.234896 0.337037 0.013542 0.053704
0 0.340885 0.351389 0.010937 0.050926
0 0.388281 0.412500 0.013021 0.056481
0 0.284896 0.644444 0.025000 0.074074
0 0.447396 0.416667 0.013542 0.059259
0 0.499479 0.514815 0.013542 0.059259
0 0.582031 0.422222 0.017188 0.064815
0 0.602604 0.499537 0.012500 0.065741
0 0.614583 0.432870 0.010417 0.060185
0 0.538802 0.348611 0.011979 0.047222
0 0.471875 0.320833 0.009375 0.045370
0 0.453125 0.370833 0.007292 0.050926
0 0.462240 0.372685 0.011979 0.052778
0 0.698177 0.528241 0.017188 0.063889
0 0.790625 0.746296 0.031250 0.088889
0 0.955729 0.412500 0.009375 0.065741
1 0.218229 0.481481 0.006250 0.011111
