1 0.374219 0.366667 0.006771 0.014815
0 0.366406 0.468981 0.027604 0.082407
0 0.263021 0.462963 0.035417 0.094444
0 0.485156 0.359722 0.023438 0.076852
0 0.545312 0.272685 0.020833 0.080556
0 0.570833 0.416667 0.018750 0.081481
0 0.593490 0.385185 0.024479 0.087037
0 0.368490 0.242130 0.018229 0.082407
0 0.326562 0.250926 0.015625 0.077778
0 0.282813 0.177315 0.018750 0.075000
0 0.089844 0.547222 0.047396 0.107407
0 0.029427 0.495833 0.030729 0.087963
0 0.010417 0.243056 0.017708 0.080556
0 0.106771 0.259722 0.021875 0.091667
0 0.076042 0.193056 0.015625 0.071296
0 0.187240 0.245833 0.016146 0.082407
0 0.241406 0.205556 0.016146 0.081481
0 0.635938 0.966667 0.034375 0.066667
0 0.760938 0.561111 0.027083 0.112963
0 0.857812 0.504167 0.035417 0.112037
0 0.731510 0.164815 0.027604 0.075926
0 0.945833 0.249074 0.019792 0.083333
