0 0.094531 0.397222 0.023438 0.101852
0 0.207552 0.267593 0.025521 0.090741
0 0.276562 0.410185 0.022917 0.109259
0 0.367969 0.497685 0.033854 0.113889
0 0.362760 0.369907 0.028646 0.093519
0 0.373698 0.291667 0.023438 0.083333
0 0.544010 0.174074 0.021354 0.075926
0 0.490104 0.361111 0.025000 0.088889
0 0.722656 0.301389 0.023438 0.100926
0 0.788021 0.317130 0.032292 0.102778
0 0.723698 0.508333 0.047396 0.116667
0 0.764844 0.547685 0.029687 0.115741
0 0.778646 0.437037 0.023958 0.107407
0 0.832812 0.439352 0.035417 0.097222
0 0.953125 0.436574 0.041667 0.106481
1 0.560677 0.213426 0.008854 0.015741
