1 0.371615 0.419907 0.015104 0.060185
1 0.355208 0.750463 0.016667 0.097222
1 0.286719 0.604630 0.020313 0.083333
1 0.434896 0.672222 0.013542 0.074074
1 0.448958 0.713889 0.015625 0.098148
1 0.448437 0.695833 0.019792 0.089815
1 0.488542 0.714815 0.019792 0.094444
1 0.476042 0.712963 0.012500 0.092593
1 0.484375 0.660185 0.017708 0.088889
1 0.515885 0.711111 0.019271 0.088889
1 0.502865 0.691204 0.016146 0.089815
1 0.523698 0.671296 0.016146 0.088889
1 0.559896 0.644907 0.014583 0.086111
1 0.572396 0.643981 0.010417 0.084259
1 0.586198 0.639352 0.010937 0.086111
1 0.630469 0.607870 0.019271 0.084259
1 0.679948 0.634722 0.013021 0.095370
