0 0.812500 0.642130 0.022917 0.062037
1 0.795573 0.579167 0.008854 0.013889
0 0.669010 0.332870 0.010937 0.056481
0 0.689844 0.294907 0.010937 0.050926
0 0.739583 0.240278 0.010417 0.039815
0 0.534115 0.342593 0.011979 0.051852
0 0.574479 0.288889 0.007292 0.046296
0 0.564583 0.270370 0.009375 0.044444
0 0.573698 0.238426 0.010937 0.041667
0 0.633333 0.234722 0.010417 0.045370
0 0.477604 0.318519 0.010417 0.050000
0 0.496875 0.238889 0.007292 0.044444
0 0.555208 0.233333 0.009375 0.044444
0 0.424219 0.287500 0.010937 0.045370
0 0.377604 0.289352 0.011458 0.045370
0 0.362760 0.247222 0.006771 0.042593
0 0.394792 0.239352 0.009375 0.045370
0 0.409896 0.250463 0.008333 0.045370
0 0.432812 0.240741 0.007292 0.046296
0 0.361198 0.140741 0.009896 0.035185
0 0.223438 0.310185 0.015625 0.051852
