1 0.409115 0.252778 0.010937 0.016667
0 0.345052 0.478241 0.021354 0.087963
0 0.383333 0.413426 0.015625 0.084259
0 0.381510 0.336111 0.022396 0.053704
0 0.461458 0.256019 0.014583 0.065741
0 0.520573 0.282407 0.023438 0.057407
0 0.636198 0.386111 0.020313 0.074074
0 0.653646 0.455556 0.023958 0.085185
0 0.967969 0.308796 0.013021 0.069444
0 0.899479 0.475926 0.026042 0.085185
0 0.028125 0.358796 0.014583 0.073148
0 0.081510 0.292130 0.018229 0.075000
0 0.186198 0.407870 0.023438 0.078704
0 0.251563 0.452315 0.016667 0.080556
0 0.300260 0.302778 0.015104 0.070370
0 0.376042 0.234722 0.029167 0.058333
0 0.335156 0.855093 0.034896 0.121296
