0 0.241146 0.398148 0.020833 0.085185
0 0.282813 0.314352 0.021875 0.054630
0 0.278906 0.306944 0.022396 0.067593
1 0.253646 0.328241 0.007292 0.013889
0 0.381250 0.338889 0.017708 0.077778
0 0.434375 0.324537 0.013542 0.069444
0 0.422135 0.275000 0.023438 0.062963
0 0.462500 0.440278 0.028125 0.087963
0 0.521094 0.404630 0.022396 0.077778
0 0.627344 0.470833 0.017188 0.091667
0 0.594271 0.179630 0.012500 0.062963
0 0.738281 0.370370 0.021354 0.074074
0 0.722656 0.299537 0.015104 0.075000
0 0.758854 0.222685 0.015625 0.069444
0 0.821615 0.392130 0.013021 0.082407
0 0.822656 0.371759 0.014063 0.078704
0 0.897656 0.451852 0.021354 0.094444
0 0.964323 0.217130 0.011979 0.073148
0 0.880208 0.060648 0.013542 0.054630
0 0.815885 0.851389 0.024479 0.130556
