1 0.032031 0.563426 0.019271 0.099074
1 0.057031 0.359259 0.017188 0.075926
1 0.194531 0.547222 0.018229 0.088889
1 0.370052 0.713426 0.021354 0.108333
1 0.236719 0.357870 0.021354 0.075000
1 0.139063 0.269444 0.015625 0.064815
1 0.297917 0.373148 0.016667 0.072222
1 0.578646 0.557870 0.020833 0.080556
1 0.523438 0.435185 0.012500 0.068519
1 0.398177 0.312500 0.014063 0.069444
1 0.374479 0.288889 0.013542 0.062963
1 0.580990 0.517130 0.025521 0.086111
1 0.438021 0.269907 0.014583 0.058333
1 0.422396 0.219444 0.017708 0.051852
1 0.481510 0.232870 0.019271 0.049074
1 0.540104 0.339352 0.017708 0.069444
1 0.555990 0.300463 0.014063 0.071296
1 0.685677 0.387500 0.015104 0.076852
1 0.723177 0.399074 0.017188 0.079630
1 0.810937 0.517130 0.019792 0.086111
1 0.984115 0.733333 0.029687 0.107407
