0 0.288021 0.425000 0.020833 0.083333
0 0.315365 0.363889 0.019271 0.075926
1 0.318750 0.398611 0.006250 0.012037
0 0.329948 0.343981 0.015104 0.073148
0 0.222135 0.296759 0.020313 0.080556
0 0.430729 0.268056 0.016667 0.065741
0 0.425260 0.248148 0.021354 0.064815
0 0.466927 0.299074 0.015104 0.072222
0 0.549479 0.386111 0.012500 0.083333
0 0.577344 0.299074 0.017188 0.072222
0 0.598698 0.241204 0.013021 0.069444
0 0.647917 0.312963 0.017708 0.075926
0 0.677604 0.404167 0.013542 0.073148
0 0.654427 0.512963 0.023438 0.088889
0 0.704948 0.609259 0.020313 0.101852
0 0.783333 0.253704 0.015625 0.070370
0 0.871094 0.265278 0.014063 0.073148
0 0.903646 0.111111 0.014583 0.059259
0 0.630990 0.854630 0.036979 0.129630
