0 0.139844 0.400926 0.008854 0.040741
0 0.171615 0.338889 0.010937 0.040741
0 0.236198 0.289352 0.009896 0.036111
0 0.302865 0.391667 0.010937 0.037037
0 0.364063 0.412500 0.007292 0.041667
0 0.366146 0.285185 0.006250 0.037037
0 0.369010 0.510648 0.008854 0.041667
0 0.495573 0.447685 0.006771 0.036111
0 0.520833 0.411111 0.007292 0.035185
0 0.526042 0.365278 0.010417 0.034259
0 0.468490 0.325463 0.007812 0.034259
0 0.462500 0.217593 0.006250 0.033333
0 0.511458 0.316204 0.009375 0.036111
0 0.577604 0.247222 0.006250 0.033333
0 0.641406 0.375000 0.007812 0.037037
0 0.649740 0.337963 0.007812 0.035185
0 0.713021 0.242593 0.007292 0.031481
0 0.759375 0.286574 0.007292 0.037963
1 0.173698 0.356481 0.002604 0.005556
0 0.309635 0.655556 0.010937 0.044444
0 0.573958 0.545833 0.010417 0.045370
0 0.686458 0.579167 0.007292 0.041667
0 0.752344 0.431944 0.007812 0.049074
