1 0.190365 0.581481 0.028646 0.088889
1 0.125000 0.479167 0.017708 0.075000
1 0.260156 0.477315 0.024479 0.067593
1 0.244271 0.416204 0.018750 0.067593
1 0.286979 0.478241 0.028125 0.047222
1 0.313021 0.434722 0.022917 0.058333
1 0.368490 0.453241 0.013021 0.069444
1 0.429427 0.539352 0.032813 0.078704
1 0.421094 0.504630 0.013021 0.068519
1 0.929427 0.529630 0.016146 0.090741
1 0.735417 0.571759 0.022917 0.086111
1 0.521094 0.525000 0.023438 0.079630
1 0.559375 0.486574 0.021875 0.073148
1 0.651563 0.604630 0.016667 0.083333
1 0.640104 0.566667 0.013542 0.087037
1 0.578646 0.559722 0.018750 0.078704
1 0.582031 0.523611 0.022396 0.076852
1 0.584635 0.496759 0.020313 0.075000
