1 0.031250 0.683333 0.017708 0.074074
1 0.108333 0.646759 0.020833 0.076852
1 0.107292 0.519907 0.019792 0.076852
1 0.168229 0.391667 0.016667 0.066667
1 0.223177 0.384722 0.015104 0.067593
1 0.262500 0.274537 0.011458 0.052778
1 0.396875 0.209722 0.012500 0.043519
1 0.279687 0.487500 0.022917 0.075000
1 0.414323 0.568519 0.014063 0.070370
1 0.501563 0.568056 0.017708 0.071296
1 0.415365 0.375463 0.013021 0.056481
1 0.506771 0.483796 0.018750 0.071296
1 0.517969 0.320833 0.015104 0.054630
1 0.254427 0.844907 0.030729 0.095370
1 0.601042 0.699537 0.039583 0.078704
1 0.796615 0.754630 0.026562 0.088889
1 0.703646 0.511111 0.021875 0.068519
1 0.699219 0.497222 0.024479 0.075926
1 0.979167 0.503704 0.019792 0.081481
1 0.570573 0.331019 0.017188 0.062037
1 0.804948 0.308333 0.016146 0.055556
