1 0.146615 0.686574 0.024479 0.134259
1 0.140104 0.624074 0.028125 0.120370
1 0.191146 0.559259 0.035417 0.109259
1 0.187760 0.526852 0.040104 0.116667
1 0.299479 0.462500 0.035417 0.108333
1 0.459896 0.398148 0.036458 0.092593
1 0.542448 0.399537 0.029687 0.082407
1 0.443750 0.612963 0.034375 0.116667
1 0.516146 0.512963 0.040625 0.107407
1 0.509375 0.618519 0.026042 0.120370
1 0.533073 0.778704 0.024479 0.129630
1 0.627083 0.859722 0.027083 0.158333
1 0.624479 0.407407 0.033333 0.081481
1 0.606510 0.313426 0.022396 0.080556
1 0.662760 0.288889 0.021354 0.077778
1 0.757292 0.412500 0.022917 0.095370
1 0.766667 0.467593 0.028125 0.111111
1 0.869271 0.412500 0.037500 0.099074
