1 0.126823 0.379630 0.032813 0.098148
1 0.170313 0.219907 0.020833 0.069444
1 0.279687 0.329167 0.018750 0.089815
1 0.481771 0.412963 0.037500 0.088889
1 0.415885 0.312037 0.028646 0.085185
1 0.390365 0.291204 0.031771 0.071296
1 0.387240 0.284722 0.006771 0.013889
0 0.518229 0.257870 0.026042 0.076852
0 0.563542 0.260185 0.017708 0.085185
0 0.583073 0.302315 0.030729 0.080556
0 0.606250 0.370833 0.018750 0.095370
0 0.634896 0.308333 0.015625 0.083333
0 0.716927 0.818056 0.030729 0.149074
0 0.850260 0.456019 0.021354 0.102778
0 0.805990 0.237037 0.016146 0.085185
0 0.828646 0.137963 0.029167 0.077778
0 0.924740 0.318056 0.031771 0.086111
