0 0.086979 0.327315 0.020833 0.082407
0 0.156771 0.430093 0.018750 0.091667
0 0.225781 0.362037 0.028646 0.094444
0 0.217448 0.291667 0.020313 0.081481
0 0.283073 0.448148 0.032813 0.096296
0 0.377604 0.363426 0.018750 0.080556
0 0.370573 0.356019 0.016146 0.084259
0 0.390885 0.271296 0.026562 0.085185
0 0.473177 0.384722 0.024479 0.082407
0 0.668750 0.324074 0.017708 0.088889
0 0.638802 0.486574 0.024479 0.091667
0 0.710938 0.480093 0.029167 0.093519
0 0.770573 0.388889 0.022396 0.081481
0 0.816927 0.435648 0.026562 0.091667
0 0.819531 0.208796 0.023438 0.080556
0 0.861719 0.115741 0.015104 0.062963
1 0.711458 0.196296 0.004167 0.009259
0 0.951302 0.319444 0.031771 0.081481
0 0.923177 0.898611 0.029687 0.160185
