0 0.098698 0.368519 0.020313 0.072222
0 0.230990 0.489352 0.030729 0.076852
0 0.273177 0.441204 0.022396 0.073148
0 0.336198 0.430093 0.016146 0.073148
0 0.322135 0.364815 0.025521 0.053704
1 0.144271 0.429167 0.006250 0.012037
0 0.452865 0.455093 0.024479 0.071296
0 0.546094 0.546296 0.025521 0.085185
0 0.418490 0.288889 0.014063 0.070370
0 0.455990 0.294444 0.022396 0.051852
0 0.520833 0.299537 0.011458 0.067593
0 0.595573 0.355556 0.023438 0.072222
0 0.613542 0.348148 0.014583 0.074074
0 0.635938 0.301852 0.011458 0.068519
0 0.629167 0.503704 0.015625 0.075926
0 0.801042 0.329167 0.022917 0.065741
0 0.870313 0.471759 0.026042 0.082407
0 0.890625 0.369907 0.014583 0.073148
0 0.782813 0.151389 0.019792 0.054630
0 0.420052 0.818056 0.033854 0.152778
0 0.702604 0.688889 0.029167 0.103704
