1 0.193490 0.300463 0.022396 0.080556
1 0.322135 0.530556 0.026562 0.094444
1 0.185156 0.639352 0.041146 0.095370
1 0.370312 0.758333 0.023958 0.111111
1 0.399219 0.631481 0.024479 0.101852
1 0.504948 0.506944 0.023438 0.099074
1 0.379167 0.475000 0.021875 0.088889
1 0.452865 0.810185 0.046354 0.112963
1 0.558333 0.496759 0.021875 0.095370
1 0.633073 0.547685 0.021354 0.100926
1 0.604167 0.310648 0.030208 0.087963
1 0.630990 0.371759 0.026562 0.082407
1 0.686198 0.378241 0.024479 0.084259
1 0.763802 0.345833 0.029687 0.084259
1 0.938281 0.501852 0.028646 0.092593
