0 0.126823 0.268981 0.022396 0.086111
0 0.155990 0.316667 0.025521 0.081481
0 0.378646 0.275926 0.028125 0.066667
0 0.375260 0.455093 0.023438 0.100926
0 0.390885 0.437963 0.017188 0.090741
0 0.421875 0.372685 0.030208 0.082407
0 0.525000 0.348611 0.019792 0.082407
0 0.611198 0.285648 0.021354 0.075000
0 0.599219 0.215278 0.018229 0.067593
0 0.714063 0.293519 0.038542 0.092593
1 0.497656 0.271759 0.006771 0.010185
0 0.610417 0.510185 0.023958 0.105556
0 0.633854 0.447222 0.025000 0.096296
0 0.854427 0.429630 0.030729 0.088889
0 0.902344 0.387037 0.027604 0.088889
0 0.965885 0.350463 0.021354 0.086111
0 0.740104 0.939815 0.028125 0.120370
