0 0.127344 0.965278 0.050521 0.069444
0 0.324740 0.625463 0.027604 0.097222
0 0.296094 0.581481 0.027604 0.112963
0 0.027083 0.418981 0.030208 0.100926
0 0.392188 0.393981 0.015625 0.093519
1 0.339062 0.181019 0.006250 0.012037
0 0.421875 0.242593 0.021875 0.079630
0 0.475521 0.426852 0.018750 0.092593
0 0.522135 0.405556 0.025521 0.083333
0 0.660937 0.243519 0.018750 0.070370
0 0.711458 0.199074 0.016667 0.072222
0 0.840885 0.264815 0.017188 0.074074
0 0.823698 0.371296 0.025521 0.085185
0 0.795312 0.511111 0.028125 0.105556
0 0.933854 0.506944 0.022917 0.100926
