0 0.267708 0.896759 0.029167 0.152778
0 0.262240 0.489815 0.021354 0.100000
0 0.256771 0.475926 0.019792 0.101852
0 0.077604 0.235648 0.019792 0.076852
0 0.307292 0.350000 0.028125 0.079630
0 0.411198 0.326852 0.027604 0.083333
0 0.484115 0.283333 0.015104 0.066667
0 0.542969 0.363426 0.026562 0.075000
0 0.527083 0.248611 0.021875 0.080556
1 0.444792 0.344907 0.007292 0.015741
0 0.584375 0.466667 0.027083 0.098148
0 0.606250 0.425000 0.023958 0.092593
0 0.731771 0.316667 0.015625 0.079630
0 0.762760 0.402778 0.021354 0.088889
0 0.870573 0.471296 0.034896 0.096296
0 0.903646 0.449074 0.031250 0.090741
