1 0.469792 0.128241 0.004167 0.006481
0 0.469271 0.104630 0.011458 0.038889
0 0.427604 0.144907 0.010417 0.045370
0 0.340365 0.244444 0.014063 0.050000
0 0.366927 0.272685 0.011979 0.052778
0 0.425000 0.247685 0.012500 0.052778
0 0.521875 0.216204 0.017708 0.045370
0 0.581771 0.225463 0.012500 0.049074
0 0.581250 0.149537 0.013542 0.039815
0 0.485417 0.328704 0.013542 0.048148
0 0.455208 0.387037 0.014583 0.055556
0 0.342187 0.382407 0.011458 0.051852
0 0.728646 0.332870 0.011458 0.054630
0 0.800260 0.230093 0.015104 0.047222
0 0.872917 0.263426 0.014583 0.054630
0 0.897656 0.271759 0.008854 0.054630
0 0.897135 0.408333 0.020313 0.062963
0 0.303385 0.294907 0.011979 0.054630
0 0.268750 0.411111 0.013542 0.053704
0 0.376042 0.509722 0.014583 0.063889
0 0.523698 0.660185 0.023438 0.064815
0 0.584635 0.484259 0.013021 0.053704
0 0.101562 0.272222 0.012500 0.057407
