1 0.360677 0.390278 0.006771 0.015741
0 0.346615 0.432407 0.025521 0.079630
0 0.275000 0.312963 0.021875 0.066667
0 0.345313 0.277315 0.017708 0.069444
0 0.393229 0.423611 0.029167 0.069444
0 0.500000 0.404630 0.020833 0.075926
0 0.451042 0.335185 0.017708 0.053704
0 0.445312 0.293056 0.017708 0.065741
0 0.506250 0.314815 0.017708 0.064815
0 0.545052 0.580093 0.026562 0.099074
0 0.625781 0.369907 0.011979 0.082407
0 0.691667 0.325463 0.019792 0.082407
0 0.742969 0.447222 0.021354 0.085185
0 0.841927 0.568981 0.023438 0.099074
0 0.902083 0.433333 0.019792 0.083333
0 0.768490 0.273148 0.015104 0.075926
0 0.802865 0.279630 0.014063 0.074074
0 0.780990 0.933333 0.043229 0.133333
0 0.991667 0.375926 0.016667 0.077778
0 0.783594 0.130556 0.014063 0.053704
