1 0.026562 0.498611 0.025000 0.106481
1 0.007031 0.448148 0.013021 0.094444
1 0.087760 0.505556 0.017188 0.109259
1 0.081510 0.412037 0.019271 0.105556
1 0.149219 0.338426 0.019271 0.091667
1 0.251823 0.468519 0.020313 0.109259
1 0.296615 0.568981 0.022396 0.110185
1 0.291667 0.220833 0.023958 0.075000
1 0.385937 0.160185 0.017708 0.066667
1 0.473698 0.312500 0.015104 0.082407
1 0.493490 0.427778 0.034896 0.096296
1 0.513802 0.377315 0.030729 0.069444
1 0.532031 0.221296 0.017188 0.079630
1 0.567969 0.182407 0.015104 0.066667
1 0.578906 0.652315 0.042188 0.130556
1 0.623177 0.453704 0.026562 0.096296
1 0.731771 0.360185 0.017708 0.090741
1 0.733073 0.279630 0.025521 0.083333
1 0.910677 0.355093 0.023438 0.095370
1 0.996354 0.479167 0.005208 0.102778
