1 0.092448 0.546296 0.021354 0.088889
1 0.219792 0.676389 0.023958 0.102778
1 0.228125 0.598611 0.020833 0.086111
1 0.245312 0.368056 0.017708 0.078704
1 0.284635 0.245833 0.019271 0.063889
1 0.376823 0.266204 0.016146 0.062037
1 0.405469 0.230093 0.013021 0.060185
1 0.510417 0.434259 0.019792 0.083333
1 0.535156 0.543981 0.014063 0.080556
1 0.732292 0.410185 0.027083 0.072222
1 0.660417 0.312037 0.021875 0.072222
1 0.686198 0.353704 0.017188 0.077778
1 0.692969 0.308796 0.018229 0.075000
1 0.591146 0.247685 0.011458 0.063889
1 0.851042 0.311111 0.019792 0.075926
1 0.927083 0.302778 0.022917 0.075926
1 0.931250 0.649537 0.030208 0.102778
