0 0.130469 0.318519 0.008854 0.057407
0 0.303385 0.499537 0.013021 0.056481
0 0.365365 0.533796 0.013021 0.049074
0 0.369792 0.489815 0.010417 0.048148
0 0.394792 0.450926 0.009375 0.055556
0 0.410938 0.356944 0.013542 0.045370
0 0.500521 0.303704 0.011458 0.046296
0 0.517969 0.464352 0.010937 0.050926
0 0.536719 0.346296 0.009896 0.050000
0 0.557813 0.383796 0.010417 0.050926
0 0.584115 0.541204 0.010937 0.052778
0 0.650260 0.481481 0.011979 0.050000
0 0.712240 0.322222 0.009896 0.048148
0 0.658594 0.281481 0.008854 0.046296
0 0.746615 0.547685 0.014063 0.056481
0 0.742188 0.525926 0.011458 0.055556
0 0.760938 0.440278 0.012500 0.050926
0 0.830469 0.499074 0.010937 0.055556
1 0.769792 0.462037 0.004167 0.005556
0 0.305469 0.662963 0.019271 0.061111
0 0.426302 0.707407 0.014063 0.061111
0 0.648177 0.788426 0.015104 0.062037
0 0.886979 0.667593 0.015625 0.066667
