0 0.120052 0.585648 0.017188 0.069444
0 0.095312 0.356944 0.012500 0.056481
0 0.316146 0.512963 0.012500 0.061111
0 0.408333 0.576852 0.017708 0.066667
0 0.340365 0.345370 0.014063 0.057407
0 0.263021 0.199074 0.013542 0.050000
0 0.394271 0.352315 0.013542 0.062037
0 0.453906 0.207407 0.021354 0.051852
0 0.428125 0.165741 0.012500 0.048148
0 0.436979 0.156481 0.008333 0.050000
0 0.528125 0.316667 0.013542 0.057407
0 0.632552 0.715741 0.013021 0.072222
0 0.547656 0.440741 0.014063 0.059259
0 0.600000 0.487963 0.012500 0.059259
0 0.749740 0.482407 0.011979 0.064815
0 0.774740 0.506019 0.015104 0.063889
0 0.741146 0.388426 0.013542 0.067593
0 0.622656 0.219907 0.013021 0.060185
0 0.592448 0.173611 0.010937 0.056481
0 0.617188 0.187037 0.010417 0.046296
1 0.346875 0.195833 0.005208 0.008333
0 0.554427 0.345833 0.008854 0.058333
