0 0.163021 0.357870 0.018750 0.091667
0 0.254688 0.414815 0.018750 0.088889
0 0.310937 0.433796 0.022917 0.089815
0 0.336458 0.360185 0.015625 0.083333
0 0.435417 0.362500 0.020833 0.082407
1 0.430469 0.280556 0.006771 0.012963
0 0.486198 0.359259 0.023438 0.083333
0 0.446094 0.250463 0.019271 0.071296
0 0.058073 0.325926 0.018229 0.087037
0 0.668750 0.417593 0.017708 0.088889
0 0.683594 0.492593 0.017188 0.105556
0 0.703646 0.407870 0.023958 0.082407
0 0.863021 0.403704 0.032292 0.090741
0 0.852604 0.323611 0.025000 0.091667
0 0.904687 0.209722 0.017708 0.080556
0 0.605990 0.267130 0.023438 0.076852
0 0.887240 0.900000 0.034896 0.142593
