0 0.367448 0.435648 0.016146 0.047222
0 0.366667 0.415278 0.012500 0.050926
0 0.334635 0.324537 0.013021 0.047222
0 0.097135 0.478241 0.015104 0.058333
0 0.160677 0.362500 0.008854 0.050926
0 0.213542 0.238889 0.010417 0.044444
0 0.457552 0.625000 0.020313 0.055556
0 0.477604 0.590741 0.015625 0.050000
0 0.514323 0.397222 0.013021 0.048148
0 0.447135 0.284259 0.014063 0.048148
0 0.670833 0.581481 0.015625 0.048148
0 0.755469 0.583333 0.014063 0.061111
0 0.730469 0.707407 0.018229 0.062963
0 0.792188 0.661111 0.017708 0.057407
0 0.855208 0.609259 0.021875 0.061111
0 0.812240 0.851389 0.018229 0.067593
0 0.927604 0.713426 0.014583 0.063889
1 0.803646 0.863889 0.006250 0.012963
0 0.803906 0.454167 0.018229 0.056481
0 0.656250 0.440741 0.012500 0.051852
0 0.757552 0.337037 0.017188 0.048148
0 0.774219 0.347685 0.017188 0.049074
