1 0.187760 0.543981 0.022396 0.086111
1 0.217448 0.393056 0.020313 0.069444
1 0.277083 0.392130 0.014583 0.067593
1 0.239063 0.291204 0.014583 0.056481
1 0.304948 0.258333 0.010937 0.050000
1 0.230729 0.576389 0.020833 0.084259
1 0.288802 0.675463 0.019271 0.093519
1 0.415365 0.773148 0.023438 0.096296
1 0.505990 0.324074 0.013021 0.053704
1 0.542448 0.447222 0.019271 0.072222
1 0.601302 0.378241 0.017188 0.067593
1 0.607552 0.251389 0.014063 0.045370
1 0.705469 0.462500 0.022396 0.075000
1 0.727083 0.456019 0.012500 0.073148
1 0.729427 0.345370 0.019271 0.066667
1 0.772396 0.425463 0.020833 0.075000
1 0.808073 0.300000 0.013021 0.061111
1 0.929427 0.364815 0.013021 0.070370
1 0.948177 0.480556 0.029687 0.081481
1 0.736198 0.608333 0.024479 0.083333
