0 0.112500 0.348148 0.020833 0.035185
0 0.236719 0.429630 0.019271 0.040741
0 0.261979 0.425463 0.014583 0.036111
0 0.255208 0.419444 0.013542 0.046296
1 0.248177 0.486111 0.004687 0.009259
0 0.236719 0.372685 0.013021 0.054630
0 0.279687 0.368056 0.012500 0.052778
0 0.317448 0.350926 0.016146 0.050000
0 0.277344 0.306481 0.009896 0.051852
0 0.351823 0.298148 0.009896 0.050000
0 0.344271 0.452315 0.013542 0.045370
0 0.362500 0.572685 0.015625 0.052778
0 0.343750 0.398148 0.011458 0.048148
0 0.405990 0.301389 0.011979 0.049074
0 0.434115 0.338426 0.009896 0.041667
0 0.520833 0.352315 0.008333 0.045370
0 0.363802 0.211574 0.010937 0.045370
0 0.409635 0.194907 0.009896 0.045370
0 0.569271 0.392593 0.010417 0.050000
0 0.679688 0.306481 0.007292 0.046296
0 0.625260 0.195370 0.009896 0.044444
0 0.864323 0.333796 0.013021 0.058333
0 0.940625 0.443519 0.014583 0.062963
