1 0.260677 0.534722 0.011979 0.021296
0 0.227344 0.638426 0.028646 0.150926
0 0.203906 0.502778 0.043229 0.116667
0 0.160417 0.437037 0.035417 0.111111
0 0.164062 0.302778 0.031250 0.116667
0 0.275260 0.393519 0.034896 0.111111
0 0.604688 0.514352 0.033333 0.123148
0 0.015104 0.312500 0.029167 0.095370
0 0.591667 0.363426 0.027083 0.123148
0 0.622135 0.359259 0.027604 0.107407
0 0.782031 0.327778 0.025521 0.120370
0 0.809635 0.746759 0.032813 0.160185
0 0.929948 0.502778 0.023438 0.120370
0 0.970833 0.459722 0.031250 0.126852
0 0.982552 0.286574 0.021354 0.112037
