1 0.952344 0.515278 0.008854 0.013889
0 0.773958 0.499074 0.037500 0.090741
0 0.950521 0.461111 0.021875 0.088889
0 0.161198 0.789352 0.039062 0.126852
0 0.165365 0.656944 0.025521 0.117593
0 0.358594 0.575000 0.032813 0.112963
0 0.446875 0.732407 0.032292 0.122222
0 0.593490 0.764815 0.022396 0.133333
0 0.336719 0.481019 0.027604 0.093519
0 0.386198 0.409259 0.022396 0.098148
0 0.194792 0.381481 0.030208 0.092593
0 0.167969 0.278241 0.022396 0.089815
0 0.007031 0.688426 0.013021 0.089815
0 0.065104 0.532407 0.034375 0.107407
0 0.075000 0.131481 0.022917 0.083333
0 0.008333 0.114352 0.012500 0.069444
0 0.279687 0.086111 0.013542 0.072222
