0 0.179688 0.511574 0.042708 0.100926
0 0.211719 0.483796 0.035937 0.093519
0 0.436979 0.513889 0.033333 0.101852
0 0.422656 0.432407 0.028646 0.092593
0 0.473958 0.432870 0.016667 0.089815
0 0.583594 0.442593 0.026562 0.083333
0 0.499479 0.341204 0.020833 0.080556
1 0.487240 0.374537 0.006771 0.012037
0 0.083333 0.363889 0.025000 0.088889
0 0.750000 0.432870 0.027083 0.089815
0 0.841927 0.554630 0.027604 0.109259
0 0.882292 0.444907 0.036458 0.082407
0 0.810937 0.341204 0.023958 0.087963
0 0.851042 0.080556 0.016667 0.066667
0 0.827604 0.955093 0.028125 0.089815
