0 0.321094 0.332870 0.014063 0.052778
0 0.248698 0.288426 0.011979 0.050926
0 0.311719 0.404167 0.009896 0.049074
0 0.412500 0.473611 0.011458 0.056481
0 0.454167 0.359259 0.011458 0.046296
0 0.415365 0.311574 0.008854 0.052778
0 0.415104 0.259259 0.008333 0.050000
0 0.279167 0.580556 0.012500 0.062963
0 0.540625 0.668981 0.013542 0.062037
0 0.080990 0.528704 0.010937 0.057407
0 0.086719 0.647222 0.015104 0.064815
0 0.147135 0.414352 0.010937 0.060185
0 0.362240 0.172685 0.009896 0.043519
0 0.501823 0.157407 0.008854 0.046296
0 0.560417 0.257870 0.012500 0.047222
0 0.563542 0.313426 0.012500 0.049074
1 0.533594 0.229630 0.003646 0.007407
0 0.650260 0.235648 0.010937 0.049074
0 0.714844 0.453241 0.017188 0.067593
0 0.727865 0.438889 0.016146 0.055556
0 0.753906 0.302315 0.009896 0.054630
0 0.874479 0.273148 0.016667 0.048148
