0 0.273698 0.624074 0.017188 0.062963
0 0.213802 0.599074 0.017188 0.061111
0 0.274479 0.422222 0.017708 0.062963
0 0.359115 0.417130 0.014063 0.056481
0 0.387760 0.489352 0.010937 0.062037
0 0.407813 0.495833 0.014583 0.058333
0 0.285156 0.310648 0.008854 0.056481
0 0.373177 0.265278 0.010937 0.054630
0 0.323437 0.181481 0.011458 0.050000
0 0.395052 0.119444 0.008854 0.044444
0 0.494271 0.220833 0.009375 0.049074
0 0.485938 0.353704 0.015625 0.051852
0 0.526563 0.253241 0.012500 0.054630
0 0.370052 0.755556 0.014063 0.072222
0 0.498437 0.872222 0.013542 0.072222
0 0.670312 0.719907 0.014583 0.069444
0 0.650260 0.610185 0.011979 0.064815
0 0.630208 0.381944 0.014583 0.058333
0 0.788802 0.484259 0.008854 0.064815
0 0.911458 0.382870 0.017708 0.060185
1 0.901042 0.457870 0.006250 0.010185
0 0.841146 0.654167 0.016667 0.071296
