0 0.054427 0.608333 0.038021 0.105556
0 0.038281 0.362037 0.026562 0.083333
0 0.114583 0.462963 0.022917 0.088889
0 0.248958 0.394444 0.030208 0.072222
1 0.260417 0.425926 0.006250 0.012963
1 0.367969 0.525926 0.027604 0.090741
0 0.469010 0.594444 0.027604 0.103704
0 0.437500 0.624537 0.040625 0.102778
0 0.474219 0.429630 0.018229 0.092593
0 0.553385 0.491204 0.022396 0.087963
0 0.579427 0.475000 0.024479 0.087037
0 0.604167 0.435648 0.026042 0.089815
0 0.678385 0.475463 0.021354 0.089815
0 0.666146 0.342130 0.021875 0.086111
0 0.677604 0.606944 0.028125 0.115741
0 0.781771 0.493056 0.019792 0.089815
0 0.317969 0.168056 0.019271 0.069444
