1 0.004167 0.453704 0.007292 0.062963
1 0.129948 0.461574 0.014063 0.067593
1 0.122396 0.314815 0.014583 0.055556
1 0.235156 0.392130 0.015104 0.056481
1 0.203906 0.320833 0.009896 0.056481
1 0.146354 0.639815 0.027083 0.075926
1 0.430729 0.668981 0.023958 0.071296
1 0.555469 0.737963 0.021354 0.085185
1 0.582552 0.638426 0.027604 0.067593
1 0.592708 0.600926 0.028125 0.070370
1 0.722656 0.545370 0.027604 0.059259
1 0.783594 0.570833 0.025521 0.063889
1 0.742188 0.356019 0.015625 0.054630
1 0.615365 0.392593 0.014063 0.057407
1 0.609115 0.272685 0.009896 0.041667
1 0.669271 0.306481 0.015625 0.051852
1 0.361719 0.434259 0.021354 0.066667
1 0.383594 0.320370 0.011979 0.053704
1 0.472135 0.335185 0.017188 0.046296
1 0.457031 0.223611 0.011979 0.041667
