0 0.082552 0.390741 0.017188 0.083333
0 0.122396 0.469444 0.028125 0.096296
0 0.165625 0.490278 0.021875 0.102778
0 0.274219 0.417130 0.020313 0.087963
0 0.262240 0.289815 0.022396 0.072222
0 0.370052 0.385185 0.022396 0.087037
0 0.408073 0.379167 0.018229 0.078704
0 0.379688 0.262500 0.018750 0.076852
1 0.383333 0.299074 0.008333 0.011111
0 0.419792 0.209722 0.019792 0.075000
0 0.498698 0.457407 0.021354 0.100000
0 0.519531 0.287037 0.015104 0.077778
0 0.584635 0.249074 0.016146 0.074074
0 0.787500 0.386111 0.015625 0.087037
0 0.811198 0.329167 0.017188 0.075000
0 0.210938 0.867130 0.030208 0.145370
