1 0.079167 0.644907 0.004167 0.008333
0 0.075260 0.652315 0.010937 0.049074
0 0.083333 0.633333 0.012500 0.051852
0 0.157812 0.578241 0.014583 0.047222
0 0.312760 0.683333 0.011979 0.051852
0 0.346354 0.678704 0.013542 0.050000
0 0.324740 0.595370 0.009896 0.048148
0 0.296615 0.584259 0.008854 0.044444
0 0.277083 0.570833 0.014583 0.047222
0 0.309896 0.536574 0.011458 0.047222
0 0.415625 0.597685 0.014583 0.047222
0 0.435677 0.600926 0.016146 0.051852
0 0.447135 0.527315 0.007812 0.045370
0 0.438281 0.507870 0.008854 0.045370
0 0.360417 0.470833 0.012500 0.043519
0 0.367188 0.414815 0.008333 0.040741
0 0.248958 0.364352 0.010417 0.045370
0 0.453646 0.412963 0.009375 0.042593
0 0.495052 0.268981 0.007812 0.037963
0 0.672135 0.638426 0.015104 0.052778
0 0.720573 0.401852 0.011979 0.040741
0 0.882552 0.370833 0.009896 0.043519
0 0.917448 0.451389 0.010937 0.043519
