1 0.135937 0.206019 0.022917 0.100926
1 0.332813 0.369444 0.021875 0.096296
1 0.502344 0.305556 0.023438 0.096296
1 0.461979 0.450926 0.036458 0.114815
1 0.643490 0.461574 0.026562 0.095370
1 0.633854 0.386574 0.018750 0.106481
1 0.634896 0.577778 0.047917 0.118519
1 0.645573 0.558796 0.024479 0.119444
1 0.660417 0.852315 0.041667 0.119444
1 0.723437 0.774074 0.050000 0.137037
1 0.622656 0.123148 0.019271 0.081481
1 0.781250 0.203241 0.020833 0.089815
1 0.917969 0.344907 0.042188 0.099074
1 0.990365 0.443981 0.019271 0.117593
