0 0.038542 0.536111 0.014583 0.068519
0 0.080990 0.356481 0.017188 0.055556
0 0.227344 0.294444 0.009896 0.048148
0 0.341667 0.384259 0.011458 0.050000
0 0.325781 0.208333 0.008854 0.050000
0 0.355990 0.192130 0.014063 0.047222
0 0.438021 0.331481 0.015625 0.051852
0 0.438021 0.307407 0.015625 0.053704
0 0.452344 0.267130 0.014063 0.049074
0 0.471875 0.122222 0.009375 0.046296
0 0.560417 0.215741 0.013542 0.048148
0 0.543490 0.347685 0.013021 0.050926
0 0.583594 0.464815 0.017188 0.051852
0 0.618490 0.362963 0.014063 0.053704
0 0.640365 0.309259 0.020313 0.053704
0 0.754167 0.399537 0.023958 0.058333
0 0.852865 0.738426 0.029687 0.056481
0 0.842969 0.656944 0.027604 0.060185
1 0.838542 0.691667 0.005208 0.012963
0 0.665365 0.624074 0.018229 0.055556
0 0.310937 0.668519 0.014583 0.059259
0 0.918490 0.345370 0.011979 0.057407
0 0.392448 0.368519 0.010937 0.055556
