1 0.203906 0.343519 0.010937 0.066667
1 0.234635 0.493981 0.017188 0.075000
1 0.259115 0.502778 0.017188 0.074074
1 0.342708 0.370833 0.013542 0.063889
1 0.407031 0.350000 0.017188 0.057407
1 0.401562 0.272685 0.011458 0.054630
1 0.447917 0.367130 0.016667 0.058333
1 0.502865 0.366667 0.020313 0.053704
1 0.495573 0.305556 0.018229 0.046296
1 0.543229 0.391204 0.020833 0.063889
1 0.649219 0.401389 0.014063 0.063889
1 0.703385 0.307870 0.019271 0.052778
1 0.687760 0.310648 0.018229 0.050926
1 0.755469 0.362963 0.014063 0.062963
1 0.791927 0.437500 0.015104 0.075000
1 0.796354 0.382870 0.018750 0.067593
1 0.849219 0.593519 0.017188 0.087037
1 0.540885 0.575000 0.017188 0.077778
1 0.303385 0.791667 0.023438 0.092593
1 0.301302 0.701389 0.019271 0.089815
