0 0.273958 0.362500 0.009375 0.052778
0 0.325260 0.291667 0.007812 0.050000
0 0.270833 0.508796 0.012500 0.052778
0 0.028646 0.332870 0.008333 0.056481
0 0.393229 0.340278 0.012500 0.047222
0 0.446875 0.325463 0.014583 0.049074
0 0.462500 0.250926 0.010417 0.042593
0 0.442188 0.237500 0.012500 0.036111
1 0.467448 0.251389 0.002604 0.006481
0 0.501563 0.201389 0.013542 0.037963
0 0.542448 0.209722 0.014063 0.045370
0 0.530469 0.384722 0.017188 0.043519
0 0.559375 0.379167 0.010417 0.043519
0 0.513802 0.504630 0.011979 0.053704
0 0.309115 0.602315 0.011979 0.062037
0 0.402865 0.586574 0.019271 0.056481
0 0.628125 0.153704 0.010417 0.040741
0 0.674479 0.185648 0.012500 0.037963
0 0.642188 0.276852 0.012500 0.042593
0 0.702865 0.394907 0.010937 0.054630
0 0.843229 0.325463 0.013542 0.049074
0 0.846875 0.551852 0.013542 0.064815
0 0.671615 0.702778 0.014063 0.061111
