0 0.267969 0.473148 0.010937 0.059259
0 0.421615 0.335185 0.013021 0.048148
0 0.416667 0.307407 0.013542 0.046296
0 0.334635 0.230556 0.009896 0.048148
0 0.528385 0.110648 0.008854 0.037963
0 0.486198 0.219444 0.008854 0.046296
0 0.620052 0.161574 0.011979 0.041667
0 0.665625 0.310185 0.010417 0.051852
0 0.524740 0.394907 0.010937 0.054630
0 0.593490 0.453241 0.014063 0.050926
0 0.689323 0.538889 0.010937 0.053704
0 0.526563 0.593519 0.012500 0.062963
0 0.464844 0.791204 0.016146 0.062037
0 0.655208 0.792593 0.020833 0.064815
0 0.744792 0.357870 0.010417 0.050926
0 0.816406 0.312037 0.013021 0.050000
0 0.855469 0.377778 0.013021 0.061111
0 0.855208 0.278241 0.013542 0.056481
0 0.820833 0.175463 0.009375 0.049074
0 0.841146 0.148611 0.008333 0.045370
0 0.794010 0.595833 0.014063 0.060185
