0 0.117188 0.332870 0.012500 0.056481
0 0.188281 0.404630 0.015104 0.046296
0 0.247396 0.412037 0.012500 0.050000
0 0.261198 0.355093 0.014063 0.050926
0 0.345313 0.447685 0.009375 0.056481
0 0.320833 0.295370 0.010417 0.046296
0 0.376042 0.249537 0.014583 0.039815
0 0.389323 0.211574 0.013021 0.034259
0 0.411719 0.201389 0.009896 0.041667
0 0.404948 0.273148 0.011979 0.048148
0 0.467969 0.350000 0.009896 0.042593
0 0.436458 0.490741 0.014583 0.057407
0 0.544271 0.362037 0.010417 0.048148
0 0.551823 0.254167 0.013021 0.041667
0 0.525000 0.193519 0.010417 0.042593
0 0.561979 0.206481 0.009375 0.042593
0 0.588802 0.273148 0.007812 0.042593
1 0.441146 0.185648 0.002083 0.004630
0 0.591146 0.564815 0.011458 0.055556
0 0.729167 0.249537 0.010417 0.049074
0 0.759375 0.302778 0.009375 0.046296
0 0.806510 0.285185 0.009896 0.048148
0 0.908854 0.413426 0.012500 0.058333
