0 0.338021 0.294444 0.011458 0.053704
0 0.345573 0.431481 0.017188 0.053704
0 0.477865 0.409722 0.013021 0.052778
0 0.520312 0.236574 0.016667 0.045370
0 0.577865 0.107407 0.014063 0.035185
0 0.589844 0.268981 0.015104 0.050926
0 0.636719 0.277778 0.011979 0.053704
0 0.625000 0.509722 0.014583 0.065741
0 0.617188 0.433333 0.012500 0.059259
0 0.703906 0.395370 0.011979 0.059259
0 0.818750 0.373611 0.011458 0.054630
0 0.926823 0.754167 0.019271 0.069444
0 0.807552 0.614352 0.014063 0.062037
0 0.912760 0.642130 0.014063 0.067593
0 0.635156 0.664815 0.015104 0.070370
0 0.907292 0.456944 0.015625 0.062037
0 0.874219 0.399537 0.014063 0.058333
0 0.880469 0.321759 0.011979 0.058333
0 0.598177 0.863889 0.017188 0.072222
0 0.865365 0.185185 0.008854 0.050000
0 0.870052 0.153241 0.009896 0.050926
0 0.097917 0.317130 0.012500 0.062037
