1 0.016667 0.515741 0.030208 0.075926
1 0.152344 0.359722 0.014063 0.063889
1 0.241146 0.469444 0.018750 0.074074
1 0.288281 0.400000 0.016146 0.064815
1 0.271875 0.374537 0.017708 0.060185
1 0.274740 0.318056 0.014063 0.058333
1 0.431510 0.406481 0.011979 0.062963
1 0.475000 0.345370 0.016667 0.057407
1 0.169010 0.688426 0.022396 0.089815
1 0.488542 0.568519 0.015625 0.075926
1 0.504948 0.331944 0.009896 0.052778
1 0.521354 0.298611 0.014583 0.054630
1 0.510156 0.256944 0.009896 0.047222
1 0.586719 0.378241 0.017188 0.058333
1 0.618229 0.372685 0.012500 0.063889
1 0.719531 0.424537 0.015104 0.067593
1 0.680990 0.333796 0.015104 0.060185
1 0.667969 0.344444 0.019271 0.059259
1 0.645052 0.310185 0.009896 0.055556
