0 0.048958 0.383333 0.012500 0.061111
0 0.100260 0.487037 0.015104 0.068519
0 0.214583 0.263889 0.015625 0.055556
0 0.270313 0.214352 0.010417 0.054630
0 0.310677 0.508796 0.013021 0.058333
0 0.326302 0.548148 0.013021 0.062963
0 0.471094 0.337037 0.015104 0.053704
0 0.471094 0.311574 0.011979 0.058333
0 0.567969 0.380556 0.018229 0.057407
0 0.583073 0.419907 0.015104 0.060185
0 0.523438 0.280093 0.017708 0.050926
0 0.620052 0.274074 0.018229 0.061111
0 0.564583 0.190741 0.013542 0.053704
0 0.507292 0.185185 0.011458 0.055556
0 0.489844 0.155556 0.008854 0.051852
0 0.535677 0.155556 0.010937 0.051852
0 0.516927 0.136111 0.016146 0.050000
0 0.823698 0.381019 0.019271 0.054630
0 0.799479 0.482870 0.020833 0.060185
0 0.758594 0.661574 0.017188 0.071296
0 0.892188 0.371296 0.022917 0.062963
1 0.838542 0.259259 0.006250 0.009259
