0 0.138021 0.660185 0.031250 0.057407
0 0.109896 0.529167 0.014583 0.052778
0 0.159375 0.390741 0.014583 0.062963
0 0.242448 0.401852 0.017188 0.057407
0 0.347396 0.409259 0.014583 0.048148
0 0.342448 0.261111 0.018229 0.051852
1 0.396094 0.293519 0.006771 0.011111
0 0.380469 0.249537 0.015104 0.049074
0 0.375000 0.226389 0.011458 0.047222
0 0.436979 0.366204 0.017708 0.056481
0 0.464062 0.457870 0.021875 0.054630
0 0.581250 0.329167 0.015625 0.060185
0 0.602344 0.259259 0.014063 0.050000
0 0.657813 0.260648 0.014583 0.054630
0 0.616406 0.355093 0.009896 0.060185
0 0.656510 0.440741 0.011979 0.051852
0 0.544271 0.731944 0.029167 0.062037
0 0.515885 0.553704 0.026562 0.057407
0 0.817969 0.434259 0.020313 0.068519
0 0.829167 0.328241 0.012500 0.058333
0 0.828385 0.295833 0.015104 0.056481
0 0.907031 0.322685 0.020313 0.058333
