0 0.277604 0.488889 0.014583 0.048148
0 0.268750 0.463889 0.016667 0.044444
0 0.278906 0.415278 0.010937 0.060185
0 0.303385 0.519444 0.014063 0.057407
0 0.375260 0.565278 0.019271 0.062037
0 0.437760 0.544444 0.019271 0.059259
0 0.458073 0.505093 0.014063 0.054630
0 0.370312 0.347685 0.015625 0.050926
0 0.434896 0.321296 0.014583 0.044444
0 0.483594 0.362963 0.016146 0.048148
0 0.146094 0.347222 0.022396 0.046296
0 0.332552 0.673148 0.017188 0.070370
0 0.467708 0.739352 0.016667 0.067593
0 0.490885 0.611111 0.024479 0.057407
0 0.538542 0.439815 0.014583 0.051852
0 0.634375 0.412963 0.014583 0.057407
0 0.604167 0.280093 0.011458 0.050926
0 0.690104 0.287963 0.007292 0.051852
0 0.661458 0.532407 0.009375 0.066667
0 0.744271 0.519907 0.012500 0.060185
0 0.868750 0.433333 0.012500 0.061111
0 0.926823 0.594444 0.018229 0.070370
1 0.269010 0.499537 0.004687 0.008333
