1 0.079167 0.265741 0.012500 0.062963
1 0.123958 0.453704 0.019792 0.079630
1 0.180729 0.471296 0.021875 0.079630
1 0.253125 0.296296 0.027083 0.059259
1 0.328385 0.314815 0.018229 0.066667
1 0.376563 0.250926 0.028125 0.057407
1 0.403125 0.251389 0.022917 0.056481
1 0.417969 0.323148 0.021354 0.053704
1 0.421094 0.289815 0.010937 0.064815
1 0.463021 0.285648 0.020833 0.056481
1 0.503646 0.452315 0.014583 0.084259
1 0.554688 0.460648 0.021875 0.073148
1 0.635417 0.365278 0.023958 0.067593
1 0.745573 0.275000 0.013021 0.057407
1 0.780469 0.263426 0.018229 0.058333
1 0.798958 0.293981 0.015625 0.063889
1 0.853125 0.364352 0.019792 0.069444
1 0.847135 0.343519 0.016146 0.066667
1 0.864062 0.554630 0.023958 0.087037
1 0.977083 0.925926 0.036458 0.118519
