1 0.020573 0.280093 0.019271 0.065741
1 0.081771 0.286574 0.017708 0.062037
1 0.132552 0.348148 0.017188 0.074074
1 0.262240 0.351389 0.017188 0.069444
1 0.404167 0.325000 0.014583 0.068519
1 0.426302 0.302315 0.013021 0.067593
1 0.468490 0.216667 0.013021 0.057407
1 0.580208 0.257407 0.016667 0.059259
1 0.566667 0.249074 0.016667 0.059259
1 0.567448 0.180093 0.009896 0.050926
1 0.643229 0.212500 0.014583 0.054630
1 0.634635 0.202778 0.013021 0.055556
1 0.589583 0.363889 0.020833 0.068519
1 0.721615 0.321296 0.014063 0.072222
1 0.885677 0.724074 0.018229 0.105556
1 0.828125 0.376852 0.023958 0.074074
1 0.206510 0.652315 0.020313 0.093519
1 0.380469 0.489352 0.017188 0.082407
