1 0.172917 0.531019 0.016667 0.067593
1 0.192708 0.542593 0.020833 0.070370
1 0.207552 0.487037 0.025521 0.074074
1 0.266927 0.525000 0.020313 0.081481
1 0.242448 0.445370 0.019271 0.072222
1 0.271354 0.416667 0.019792 0.074074
1 0.381510 0.524537 0.018229 0.075000
1 0.450000 0.743981 0.025000 0.091667
1 0.431510 0.575000 0.021354 0.068519
1 0.422656 0.459722 0.017188 0.069444
1 0.396615 0.297222 0.014063 0.059259
1 0.469010 0.265278 0.008854 0.060185
1 0.514583 0.343981 0.013542 0.065741
1 0.560937 0.312963 0.015625 0.062963
1 0.578646 0.278241 0.014583 0.054630
1 0.590625 0.343519 0.010417 0.055556
1 0.656510 0.425463 0.015104 0.069444
1 0.701823 0.454630 0.014063 0.070370
1 0.794531 0.341204 0.014063 0.067593
1 0.880990 0.340741 0.016146 0.066667
1 0.907552 0.565278 0.020313 0.089815
