0 0.051562 0.499074 0.017708 0.066667
0 0.144792 0.382407 0.010417 0.053704
0 0.251302 0.366204 0.009896 0.054630
0 0.243490 0.270833 0.018229 0.052778
0 0.190104 0.190741 0.009375 0.050000
0 0.276042 0.181944 0.009375 0.049074
0 0.395573 0.132407 0.010937 0.048148
0 0.420833 0.211574 0.011458 0.049074
0 0.321615 0.434722 0.014063 0.058333
0 0.467187 0.350463 0.010417 0.049074
0 0.462760 0.329167 0.014063 0.054630
0 0.599219 0.252778 0.023438 0.050000
0 0.565625 0.155093 0.011458 0.043519
0 0.565104 0.102315 0.011458 0.045370
0 0.455729 0.195370 0.012500 0.042593
0 0.740104 0.831944 0.029167 0.063889
0 0.720052 0.524537 0.029687 0.050926
0 0.701562 0.449537 0.018750 0.052778
0 0.701823 0.377778 0.025521 0.053704
0 0.578906 0.368056 0.011979 0.047222
0 0.496094 0.612037 0.028646 0.062963
1 0.446615 0.302778 0.007812 0.012963
