0 0.061719 0.312037 0.008854 0.062963
0 0.258594 0.464815 0.014063 0.053704
0 0.337760 0.234259 0.009896 0.051852
0 0.421094 0.337500 0.009896 0.049074
0 0.468490 0.418519 0.009896 0.057407
0 0.318490 0.743056 0.013021 0.060185
0 0.454688 0.630556 0.011458 0.064815
0 0.609635 0.527778 0.011979 0.057407
0 0.540104 0.829630 0.017708 0.074074
0 0.715885 0.522222 0.017188 0.057407
0 0.707292 0.403241 0.010417 0.058333
0 0.665104 0.287963 0.010417 0.053704
0 0.793490 0.430093 0.007812 0.056481
0 0.875260 0.425463 0.009896 0.063889
0 0.853385 0.271759 0.010937 0.049074
0 0.862240 0.204630 0.013021 0.046296
0 0.887760 0.278241 0.011979 0.058333
0 0.921094 0.157407 0.011979 0.051852
0 0.560417 0.116204 0.012500 0.041667
0 0.532031 0.271296 0.009896 0.048148
0 0.805469 0.698148 0.014063 0.064815
0 0.563542 0.422222 0.011458 0.057407
1 0.267708 0.482407 0.004167 0.009259
