0 0.227083 0.514352 0.020833 0.060185
0 0.205208 0.487963 0.014583 0.061111
0 0.180469 0.321759 0.009896 0.058333
0 0.283073 0.246296 0.011979 0.048148
0 0.317448 0.215741 0.013021 0.048148
0 0.291927 0.212963 0.010937 0.050000
0 0.313542 0.195833 0.012500 0.045370
0 0.397656 0.294444 0.010937 0.050000
1 0.401562 0.316667 0.003125 0.007407
0 0.409115 0.518519 0.015104 0.059259
0 0.449479 0.300463 0.011458 0.039815
0 0.401562 0.263889 0.017708 0.037037
0 0.488021 0.292593 0.016667 0.044444
0 0.470573 0.257870 0.017188 0.041667
0 0.472656 0.241667 0.013021 0.038889
0 0.466406 0.170370 0.011979 0.046296
0 0.635938 0.309259 0.010417 0.048148
0 0.500781 0.356481 0.014063 0.050000
0 0.639844 0.132407 0.009896 0.050000
0 0.588802 0.566667 0.018229 0.062963
0 0.871875 0.383333 0.017708 0.059259
0 0.758594 0.180556 0.008854 0.053704
