1 0.176302 0.689815 0.013021 0.090741
1 0.195573 0.696759 0.010937 0.089815
1 0.195833 0.687500 0.022917 0.089815
1 0.281771 0.775000 0.022917 0.100000
1 0.348177 0.797685 0.029687 0.102778
1 0.416667 0.718981 0.022917 0.091667
1 0.522396 0.704167 0.021875 0.099074
1 0.485156 0.711574 0.009896 0.089815
1 0.466667 0.695833 0.011458 0.086111
1 0.454948 0.663426 0.025521 0.084259
1 0.499219 0.691667 0.009896 0.098148
1 0.488542 0.684722 0.009375 0.086111
1 0.472135 0.672222 0.011979 0.085185
1 0.487240 0.660648 0.008854 0.075000
1 0.473438 0.649074 0.008333 0.070370
1 0.736719 0.651852 0.021354 0.059259
