1 0.277344 0.721296 0.011979 0.020370
0 0.343490 0.698148 0.027604 0.122222
0 0.269792 0.599537 0.036458 0.123148
0 0.477344 0.527778 0.025521 0.118519
0 0.447656 0.476852 0.026562 0.114815
0 0.549740 0.356944 0.031771 0.099074
0 0.347396 0.361574 0.018750 0.099074
0 0.282292 0.316667 0.018750 0.098148
0 0.152344 0.531944 0.025521 0.115741
0 0.105729 0.425463 0.027083 0.110185
0 0.148177 0.324537 0.029687 0.102778
0 0.198958 0.223148 0.017708 0.079630
0 0.476823 0.143056 0.021354 0.087963
0 0.603906 0.240278 0.021354 0.099074
0 0.679688 0.353704 0.027083 0.111111
0 0.770573 0.335185 0.027604 0.098148
0 0.757292 0.498148 0.031250 0.114815
0 0.654427 0.031944 0.019271 0.062037
0 0.566146 0.023148 0.014583 0.044444
0 0.767188 0.026852 0.012500 0.051852
