1 0.068490 0.473611 0.028646 0.125000
1 0.221615 0.252315 0.018229 0.104630
1 0.356250 0.388889 0.027083 0.103704
1 0.475521 0.385185 0.021875 0.101852
1 0.530469 0.320833 0.015104 0.099074
1 0.586979 0.396296 0.021875 0.105556
1 0.613021 0.149074 0.021875 0.083333
1 0.748958 0.206481 0.018750 0.090741
1 0.709115 0.362963 0.021354 0.103704
1 0.597135 0.641667 0.025521 0.135185
1 0.773438 0.507870 0.023958 0.119444
1 0.848437 0.475463 0.028125 0.115741
1 0.926562 0.368519 0.020833 0.109259
1 0.378906 0.628704 0.027604 0.122222
