0 0.088542 0.511111 0.028125 0.131481
0 0.383073 0.333796 0.017188 0.097222
1 0.395573 0.378704 0.007812 0.014815
0 0.520052 0.366667 0.019271 0.103704
0 0.627344 0.448611 0.025521 0.117593
0 0.667448 0.417130 0.024479 0.115741
0 0.643750 0.343056 0.015625 0.102778
0 0.556771 0.304167 0.016667 0.087963
0 0.619792 0.268519 0.018750 0.074074
0 0.706771 0.337500 0.022917 0.087963
0 0.373177 0.903704 0.051562 0.192593
0 0.711458 0.671296 0.021875 0.142593
0 0.802865 0.413426 0.021354 0.112037
0 0.883854 0.311574 0.017708 0.093519
0 0.825000 0.290741 0.012500 0.085185
0 0.950260 0.514815 0.027604 0.125926
