0 0.023958 0.344444 0.010417 0.053704
0 0.012760 0.332407 0.009896 0.051852
0 0.251823 0.381019 0.013021 0.050926
0 0.303385 0.512963 0.018229 0.066667
0 0.368229 0.517130 0.013542 0.069444
0 0.348958 0.434722 0.012500 0.060185
0 0.415885 0.421296 0.019271 0.059259
0 0.425260 0.488426 0.015104 0.062037
0 0.403646 0.267130 0.013542 0.039815
0 0.529167 0.350463 0.014583 0.050926
0 0.019010 0.755556 0.031771 0.090741
0 0.058594 0.913426 0.027604 0.097222
0 0.485938 0.595370 0.014583 0.075926
0 0.710156 0.769444 0.016146 0.087037
0 0.680729 0.482870 0.017708 0.063889
0 0.758333 0.513889 0.012500 0.070370
0 0.672135 0.368981 0.013021 0.047222
0 0.838281 0.392130 0.015104 0.060185
1 0.805208 0.431944 0.004167 0.008333
