1 0.070573 0.531019 0.021354 0.082407
1 0.021094 0.434722 0.026562 0.063889
1 0.187500 0.556944 0.033333 0.076852
1 0.359896 0.629630 0.027083 0.087037
1 0.311458 0.375463 0.021875 0.069444
1 0.116406 0.338889 0.017188 0.062963
1 0.186198 0.263889 0.014063 0.051852
1 0.365104 0.385648 0.019792 0.062037
1 0.415625 0.276389 0.017708 0.062037
1 0.481250 0.254630 0.018750 0.050000
1 0.666406 0.367130 0.020313 0.063889
1 0.852083 0.328241 0.011458 0.063889
1 0.779427 0.457870 0.023438 0.076852
1 0.571354 0.658333 0.025000 0.090741
