0 0.105990 0.340741 0.007812 0.053704
0 0.283854 0.464815 0.012500 0.057407
0 0.350260 0.379167 0.009896 0.050926
0 0.407292 0.425463 0.012500 0.054630
0 0.465104 0.467593 0.010417 0.046296
0 0.467448 0.449074 0.014063 0.046296
0 0.517708 0.325463 0.013542 0.049074
0 0.501042 0.291204 0.012500 0.045370
1 0.485156 0.454167 0.003646 0.008333
0 0.523438 0.496759 0.014583 0.043519
0 0.421875 0.554167 0.016667 0.058333
0 0.378906 0.560185 0.009896 0.053704
0 0.582031 0.591667 0.015104 0.053704
0 0.322917 0.574074 0.013542 0.059259
0 0.523698 0.834722 0.014063 0.067593
0 0.620833 0.751389 0.021875 0.060185
0 0.646094 0.527778 0.011979 0.055556
0 0.676823 0.537500 0.011979 0.056481
0 0.731771 0.462500 0.015625 0.060185
0 0.729427 0.342593 0.013021 0.044444
0 0.741667 0.342593 0.019792 0.051852
0 0.829427 0.613889 0.022396 0.061111
0 0.882292 0.415278 0.013542 0.058333
