0 0.083073 0.556481 0.013021 0.048148
0 0.125781 0.418519 0.015104 0.038889
0 0.139844 0.375463 0.009896 0.037963
0 0.223958 0.514815 0.011458 0.042593
0 0.250521 0.315278 0.010417 0.036111
0 0.351562 0.434259 0.015625 0.038889
0 0.419271 0.427315 0.011458 0.039815
0 0.440625 0.332407 0.008333 0.037037
0 0.276823 0.558796 0.016146 0.045370
0 0.378385 0.608333 0.009896 0.046296
0 0.402344 0.646759 0.010937 0.043519
0 0.484896 0.612963 0.013542 0.042593
0 0.477604 0.454167 0.013542 0.037963
0 0.484115 0.298148 0.009896 0.037037
0 0.569792 0.432870 0.011458 0.036111
0 0.569271 0.490741 0.012500 0.042593
0 0.566406 0.556019 0.010937 0.041667
0 0.647396 0.363889 0.011458 0.040741
0 0.708333 0.553704 0.017708 0.040741
0 0.754948 0.524537 0.019271 0.045370
0 0.707552 0.666204 0.015104 0.047222
1 0.768750 0.462963 0.003125 0.007407
0 0.898177 0.404630 0.014063 0.038889
