0 0.008073 0.303241 0.009896 0.063889
0 0.024479 0.271759 0.027083 0.087963
0 0.208854 0.391204 0.020833 0.095370
0 0.018490 0.424537 0.017188 0.087963
0 0.068229 0.456019 0.017708 0.087963
0 0.357812 0.273148 0.018750 0.075926
0 0.650260 0.305556 0.028646 0.066667
0 0.655990 0.417593 0.021354 0.092593
0 0.697396 0.424074 0.023958 0.088889
0 0.896615 0.344907 0.021354 0.078704
0 0.488281 0.431481 0.023438 0.094444
0 0.464323 0.347222 0.026562 0.070370
0 0.120313 0.857407 0.028125 0.153704
0 0.033854 0.073148 0.015625 0.070370
1 0.675521 0.341204 0.006250 0.012037
