0 0.058594 0.310648 0.013021 0.062037
0 0.231771 0.321296 0.014583 0.053704
0 0.314063 0.232407 0.010417 0.050000
0 0.298698 0.500000 0.010937 0.057407
0 0.323698 0.166204 0.010937 0.045370
0 0.396875 0.215741 0.011458 0.042593
0 0.379167 0.356019 0.009375 0.054630
0 0.435937 0.459259 0.012500 0.059259
0 0.480469 0.245370 0.011979 0.042593
0 0.504427 0.268981 0.016146 0.037963
1 0.507552 0.275000 0.004687 0.007407
0 0.541406 0.252315 0.016146 0.043519
0 0.525521 0.192130 0.016667 0.045370
0 0.527865 0.169907 0.013021 0.047222
0 0.609375 0.182870 0.013542 0.047222
0 0.641667 0.253241 0.012500 0.043519
0 0.674740 0.253241 0.009896 0.049074
0 0.669792 0.320833 0.013542 0.045370
0 0.614062 0.510648 0.013542 0.063889
0 0.763021 0.127778 0.011458 0.048148
0 0.860156 0.191204 0.009896 0.054630
0 0.784635 0.368056 0.015104 0.050926
0 0.815625 0.373611 0.019792 0.060185
