0 0.407292 0.262037 0.019792 0.035185
0 0.396615 0.177778 0.009896 0.038889
0 0.492188 0.145370 0.010417 0.038889
0 0.479167 0.256944 0.013542 0.045370
0 0.489063 0.266204 0.013542 0.045370
0 0.596615 0.233796 0.007812 0.047222
0 0.625260 0.343519 0.009896 0.051852
0 0.204167 0.552778 0.013542 0.059259
0 0.252865 0.393981 0.013021 0.056481
0 0.365365 0.477315 0.011979 0.056481
0 0.288542 0.600463 0.013542 0.058333
0 0.385417 0.645370 0.017708 0.062963
0 0.509635 0.467593 0.015104 0.051852
0 0.387240 0.432407 0.009896 0.051852
0 0.397917 0.362037 0.015625 0.051852
0 0.698438 0.299074 0.011458 0.051852
0 0.680990 0.222685 0.007812 0.045370
0 0.738542 0.393056 0.012500 0.052778
0 0.832292 0.431944 0.013542 0.058333
0 0.601042 0.783796 0.013542 0.065741
0 0.626563 0.575463 0.012500 0.056481
1 0.665625 0.145370 0.004167 0.007407
