1 0.058854 0.229167 0.029167 0.097222
1 0.203125 0.300000 0.016667 0.096296
1 0.208594 0.485648 0.023438 0.095370
1 0.271094 0.471296 0.025521 0.105556
1 0.323177 0.457407 0.025521 0.112963
1 0.314844 0.239815 0.024479 0.090741
1 0.222917 0.288889 0.020833 0.101852
1 0.616146 0.493519 0.020833 0.111111
1 0.489063 0.304167 0.022917 0.095370
1 0.501563 0.303241 0.022917 0.095370
1 0.669271 0.220370 0.029167 0.085185
1 0.857812 0.301389 0.019792 0.093519
1 0.108594 0.224074 0.020313 0.085185
1 0.803906 0.621759 0.029687 0.130556
1 0.988281 0.251389 0.023438 0.091667
