1 0.128646 0.437037 0.006250 0.011111
0 0.100781 0.398148 0.009896 0.053704
0 0.209375 0.557870 0.018750 0.060185
0 0.261979 0.413889 0.016667 0.051852
0 0.263021 0.283796 0.012500 0.049074
0 0.275260 0.522685 0.010937 0.054630
0 0.363542 0.454630 0.016667 0.059259
0 0.292969 0.312037 0.013021 0.051852
0 0.407292 0.226389 0.016667 0.043519
0 0.433333 0.308796 0.019792 0.043519
0 0.519010 0.365741 0.013021 0.050000
0 0.562500 0.222222 0.014583 0.042593
0 0.534375 0.148611 0.011458 0.043519
0 0.582552 0.401852 0.009896 0.055556
0 0.599219 0.349537 0.014063 0.050926
0 0.583594 0.313426 0.009896 0.052778
0 0.633333 0.451389 0.012500 0.054630
0 0.642969 0.530093 0.013021 0.054630
0 0.513542 0.634259 0.014583 0.057407
0 0.433594 0.609259 0.018229 0.057407
0 0.463542 0.441667 0.015625 0.053704
0 0.625521 0.781944 0.015625 0.067593
0 0.938021 0.342130 0.011458 0.056481
