1 0.227083 0.428704 0.029167 0.101852
1 0.472396 0.541667 0.026042 0.122222
1 0.403125 0.381481 0.026042 0.092593
1 0.532552 0.378704 0.021354 0.098148
1 0.509375 0.460185 0.028125 0.105556
1 0.476042 0.483333 0.026042 0.112963
1 0.677865 0.861111 0.033854 0.150000
1 0.673698 0.687500 0.027604 0.128704
1 0.642448 0.584722 0.024479 0.117593
1 0.628125 0.543981 0.022917 0.113889
1 0.740885 0.699537 0.054688 0.137963
1 0.734896 0.600926 0.036458 0.129630
1 0.830729 0.543056 0.041667 0.125000
1 0.875000 0.746759 0.028125 0.147222
1 0.851042 0.618056 0.023958 0.123148
1 0.983333 0.666204 0.033333 0.128704
