0 0.857292 0.940741 0.034375 0.112963
0 0.505469 0.566667 0.022396 0.098148
0 0.725521 0.573611 0.021875 0.104630
0 0.614062 0.411574 0.021875 0.073148
0 0.700000 0.407407 0.018750 0.074074
0 0.239583 0.457870 0.021875 0.104630
0 0.154427 0.362500 0.018229 0.082407
0 0.285156 0.286574 0.015104 0.071296
0 0.268750 0.271759 0.020833 0.063889
1 0.278906 0.287963 0.003646 0.011111
0 0.345052 0.281944 0.018229 0.069444
0 0.387500 0.240278 0.019792 0.065741
0 0.398438 0.220833 0.016667 0.056481
0 0.621875 0.229630 0.012500 0.070370
0 0.726562 0.325463 0.018750 0.080556
0 0.967969 0.249537 0.017188 0.067593
0 0.965104 0.235648 0.016667 0.073148
0 0.893490 0.106019 0.016146 0.062037
