0 0.636979 0.763889 0.018750 0.129630
0 0.501302 0.766204 0.036979 0.128704
0 0.468229 0.790278 0.019792 0.137963
0 0.415885 0.744907 0.023438 0.121296
0 0.440625 0.707407 0.026042 0.135185
0 0.413281 0.549074 0.026562 0.101852
0 0.574479 0.440278 0.035417 0.093519
0 0.684115 0.671296 0.027604 0.135185
0 0.572917 0.736111 0.018750 0.135185
0 0.592187 0.698148 0.027083 0.135185
0 0.628906 0.649074 0.030729 0.120370
0 0.651563 0.724074 0.028125 0.116667
0 0.835938 0.739352 0.030208 0.145370
0 0.860156 0.712500 0.024479 0.132407
0 0.750000 0.393519 0.020833 0.105556
0 0.619531 0.207407 0.019271 0.087037
0 0.817708 0.344907 0.019792 0.100926
0 0.294531 0.722222 0.025521 0.144444
