1 0.221875 0.360185 0.031250 0.048148
1 0.353646 0.402315 0.018750 0.049074
1 0.488802 0.289352 0.015104 0.047222
1 0.521615 0.316204 0.010937 0.052778
1 0.689844 0.586111 0.019271 0.074074
1 0.761458 0.436111 0.015625 0.064815
1 0.741146 0.362037 0.022917 0.057407
1 0.801562 0.433796 0.017708 0.062037
1 0.786198 0.382407 0.015104 0.055556
1 0.809115 0.329167 0.009896 0.054630
1 0.860677 0.416667 0.016146 0.062963
1 0.922656 0.309259 0.011979 0.053704
1 0.508333 0.643519 0.033333 0.074074
1 0.442188 0.421296 0.014583 0.062963
