0 0.135417 0.377315 0.034375 0.023148
1 0.121094 0.362963 0.005729 0.007407
0 0.174479 0.509722 0.014583 0.060185
0 0.234375 0.428241 0.016667 0.049074
0 0.276823 0.408333 0.014063 0.042593
0 0.289583 0.406019 0.010417 0.052778
0 0.306771 0.331019 0.011458 0.052778
0 0.335677 0.424537 0.011979 0.054630
0 0.356250 0.411111 0.013542 0.048148
0 0.345313 0.352315 0.010417 0.054630
0 0.358073 0.298611 0.009896 0.041667
0 0.387500 0.361574 0.007292 0.050926
0 0.440104 0.525000 0.009375 0.053704
0 0.319010 0.604630 0.015104 0.059259
0 0.464844 0.669444 0.015104 0.062963
0 0.502604 0.523148 0.017708 0.053704
0 0.509635 0.510185 0.010937 0.050000
0 0.550521 0.493056 0.012500 0.056481
0 0.626823 0.406481 0.011979 0.053704
0 0.836979 0.584259 0.018750 0.066667
0 0.800781 0.407407 0.014063 0.057407
0 0.702865 0.279630 0.016146 0.046296
0 0.576823 0.259259 0.007812 0.050000
