0 0.140365 0.542593 0.014063 0.044444
0 0.173698 0.538426 0.019271 0.043519
1 0.159896 0.568056 0.004167 0.008333
0 0.246875 0.682870 0.015625 0.052778
0 0.245312 0.532870 0.011458 0.049074
0 0.365365 0.531944 0.009896 0.037963
0 0.394792 0.689815 0.014583 0.048148
0 0.234896 0.402778 0.018750 0.027778
0 0.201563 0.395370 0.010417 0.037037
0 0.254688 0.360185 0.014583 0.044444
0 0.288542 0.380093 0.014583 0.047222
0 0.342187 0.416204 0.017708 0.043519
0 0.434115 0.366204 0.017188 0.047222
0 0.456771 0.686574 0.017708 0.056481
0 0.531771 0.625463 0.010417 0.056481
0 0.851042 0.631019 0.015625 0.060185
0 0.702344 0.512037 0.013021 0.048148
0 0.765885 0.347685 0.016146 0.045370
0 0.853646 0.424537 0.019792 0.050926
0 0.932292 0.425000 0.012500 0.048148
0 0.905469 0.654167 0.013021 0.054630
