0 0.074219 0.354630 0.018229 0.081481
1 0.086719 0.384722 0.008854 0.015741
0 0.145313 0.406019 0.017708 0.095370
0 0.290625 0.418519 0.029167 0.079630
0 0.312760 0.404167 0.016146 0.091667
0 0.504427 0.504167 0.022396 0.099074
0 0.479948 0.386111 0.017188 0.083333
0 0.523438 0.237037 0.017708 0.075926
0 0.597396 0.330093 0.027083 0.076852
0 0.887500 0.543519 0.032292 0.112963
0 0.841927 0.428704 0.021354 0.087037
0 0.857812 0.374074 0.025000 0.077778
0 0.885417 0.296296 0.019792 0.092593
0 0.867969 0.157407 0.017188 0.070370
0 0.914844 0.818981 0.044271 0.143519
