1 0.130208 0.389352 0.016667 0.058333
1 0.251302 0.637500 0.033854 0.075000
1 0.422396 0.474074 0.017708 0.057407
1 0.419792 0.434259 0.018750 0.059259
1 0.516406 0.338426 0.011979 0.052778
1 0.506250 0.313889 0.014583 0.048148
1 0.605729 0.395833 0.016667 0.056481
1 0.632812 0.592130 0.027083 0.065741
1 0.755469 0.480093 0.015104 0.062037
1 0.631250 0.385185 0.014583 0.057407
1 0.647917 0.364815 0.010417 0.051852
1 0.777344 0.409722 0.018229 0.054630
1 0.767969 0.326852 0.011979 0.048148
1 0.851302 0.517593 0.016146 0.070370
1 0.853646 0.363426 0.014583 0.050926
1 0.852344 0.292593 0.009896 0.046296
1 0.911979 0.382870 0.016667 0.054630
1 0.963281 0.367130 0.013021 0.056481
1 0.948177 0.481481 0.013021 0.062963
1 0.978906 0.600463 0.020313 0.075000
