1092 156 1123 206
1092 155 1121 204
1091 154 1118 202
1087 153 1113 198
1086 152 1111 197
1082 150 1109 197
1077 149 1107 195
1069 146 1105 193
1064 144 1105 193
1062 144 1104 192
1062 144 1104 192
1061 144 1100 191
1061 143 1099 190
1061 143 1094 190
1061 143 1090 188
1061 142 1085 186
1060 140 1082 186
1058 140 1080 184
1055 139 1079 184
1047 137 1076 185
1042 137 1075 185
1038 136 1074 185
1036 136 1073 185
1035 135 1072 184
1035 132 1071 183
1035 131 1069 182
1035 130 1066 180
1033 128 1061 178
1030 128 1056 177
1026 126 1052 176
1024 126 1050 175
1018 125 1049 174
1012 124 1048 173
1008 124 1048 173
1006 124 1047 173
1005 125 1045 172
1004 126 1043 171
1004 126 1041 171
1004 125 1039 172
1004 126 1033 172
1003 126 1027 171
1001 126 1025 171
999 126 1022 170
993 125 1020 170
986 125 1019 170
982 125 1019 170
979 124 1019 170
977 124 1019 171
975 124 1018 171
974 124 1017 171
973 124 1015 172
973 126 1010 173
972 126 1005 174
972 128 999 174
970 129 996 175
965 131 994 180
963 133 993 183
960 134 992 185
957 136 992 186
955 137 991 186
954 138 990 188
953 139 987 189
953 141 985 190
950 142 983 190
948 144 981 190
947 145 979 190
947 147 978 190
946 150 976 191
944 151 974 192
941 154 972 194
938 154 970 197
934 156 968 201
933 157 968 205
932 160 966 208
932 162 967 212
932 167 966 212
930 169 966 213
927 173 965 212
925 176 962 212
920 183 956 215
916 187 952 220
913 191 949 222
911 193 946 227
909 197 943 236
906 199 942 243
903 202 939 249
902 205 936 251
901 210 931 250
899 213 928 252
897 216 928 253
895 219 927 257
891 223 925 266
887 228 924 275
884 231 922 280
881 236 920 282
876 243 915 284
872 249 910 286
870 255 905 290
868 260 899 292
863 266 896 301
859 269 894 309
856 271 892 316
854 274 888 320
852 280 884 323
849 287 881 324
848 292 878 326
846 295 875 330
843 302 872 336
839 306 870 344
836 309 869 353
834 314 865 359
830 322 862 364
826 328 859 366
821 334 856 367
819 342 855 372
815 347 852 382
814 350 849 388
812 352 848 396
810 355 846 403
808 362 845 411
808 369 843 415
807 378 842 416
806 384 840 420
805 389 839 422
802 396 839 433
800 400 837 442
798 403 837 450
795 408 834 454
790 418 831 455
787 427 827 458
785 435 823 463
783 437 820 468
780 440 818 480
776 443 816 488
775 446 813 496
772 450 810 500
770 459 805 502
768 467 802 503
767 472 799 505
764 478 796 508
761 483 794 517
757 488 793 523
754 493 791 529
752 498 789 534
752 506 786 545
752 510 785 553
751 512 784 561
751 514 785 565
751 517 786 567
751 520 787 569
751 524 788 568
751 531 787 567
751 536 787 567
752 540 786 568
753 542 787 573
752 546 788 577
753 550 793 583
753 553 797 587
753 556 801 590
754 559 804 593
756 561 805 595
757 563 805 593
759 564 806 595
760 564 806 595
760 565 806 595
760 566 806 595
759 566 806 596
757 567 806 595
754 567 806 595
752 567 806 595
750 567 806 596
747 567 806 596
743 565 801 598
741 563 797 598
739 561 792 599
739 560 789 599
738 558 783 599
739 557 781 599
740 555 781 605
740 555 781 603
739 553 781 601
740 552 782 600
740 552 781 599
741 552 781 598
743 552 780 598
744 552 780 597
744 552 780 595
744 552 781 594
747 552 782 593
750 553 783 593
751 553 785 593
751 554 786 593
753 554 787 594
753 554 788 596
754 554 789 597
756 553 792 597
757 552 797 592
758 550 802 590
756 549 804 589
755 546 806 589
754 541 808 589
754 538 809 589
756 535 811 588
756 533 812 587
761 534 813 582
764 533 814 577
768 530 815 569
773 523 816 564
778 515 822 561
780 507 829 560
780 506 832 558
781 504 833 557
782 502 834 553
784 500 834 550
786 500 834 547
790 499 837 543
797 496 845 539
803 495 853 535
810 497 858 533
816 497 861 531
821 497 864 529
823 496 866 527
825 495 869 526
827 495 872 525
834 494 876 526
840 491 878 527
847 490 880 527
853 489 883 527
861 489 891 528
863 489 896 527
866 489 901 526
867 489 908 526
873 489 916 529
877 490 918 529
884 491 921 529
890 492 924 530
900 493 932 529
904 494 937 530
905 495 941 530
907 497 947 530
911 497 956 531
914 497 960 533
918 497 961 534
924 497 962 535
934 500 966 536
943 500 971 538
948 502 973 540
951 502 976 541
952 504 984 541
954 506 990 543
958 507 994 545
963 509 995 547
973 511 1001 548
977 513 1005 549
979 516 1008 548
980 516 1012 547
980 517 1017 548
981 518 1020 548
983 518 1021 549
985 519 1023 549
992 519 1026 550
998 519 1029 551
1003 519 1031 552
1005 519 1035 554
1006 519 1039 556
1006 518 1042 557
1007 518 1046 557
1008 519 1049 557
1009 519 1053 558
1014 520 1056 559
1019 520 1060 559
1025 522 1063 559
1034 522 1068 558
1037 522 1071 558
1039 521 1074 558
1040 520 1077 557
1041 519 1083 558
1042 517 1087 558
1044 516 1089 557
1047 516 1092 557
1054 516 1095 556
1061 517 1096 556
1067 517 1098 555
1071 517 1099 555
1072 517 1104 555
1073 517 1108 556
1073 517 1113 559
1073 517 1115 559
1075 518 1119 560
1077 519 1121 560
1080 519 1122 560
1083 520 1124 560
1090 519 1127 558
1097 518 1131 556
1102 519 1133 555
1105 519 1134 554
1106 516 1139 553
1106 515 1142 554
1106 514 1147 554
1106 514 1150 553
1107 513 1153 551
1109 512 1156 551
1112 511 1157 550
1114 510 1159 550
1121 509 1161 548
1126 509 1163 548
1131 509 1164 547
1136 507 1166 546
1137 507 1170 547
1138 509 1172 548
1138 508 1174 549
1138 508 1178 549
1138 509 1182 549
1139 509 1185 549
1140 509 1187 549
1141 509 1189 549
1145 509 1194 548
1149 509 1197 547
1154 509 1199 548
1160 510 1201 547
1164 509 1203 548
1169 507 1205 546
1170 505 1208 546
1171 504 1211 545
1171 504 1212 544
1172 503 1217 543
1173 502 1219 542
1175 501 1222 542
1176 501 1224 541
1183 499 1227 540
1187 499 1229 540
1192 498 1230 539
1196 499 1232 540
1196 500 1235 540
1197 500 1237 539
1197 499 1240 540
1197 500 1241 539
1198 500 1246 540
1199 500 1248 540
1199 500 1250 540
1201 500 1253 540
1207 500 1256 541
1213 500 1258 541
1218 501 1261 541
1221 501 1262 539
1226 501 1264 539
1228 500 1267 538
1229 500 1269 538
1230 499 1272 538
1230 498 1274 538
1231 497 1276 536
1231 496 1279 536
1232 495 1280 536
1234 495 1283 535
1237 495 1285 534
1240 494 1287 533
1244 493 1288 532
1250 495 1291 533
1255 494 1294 533
1258 495 1295 533
