0 0.159635 0.657870 0.013021 0.050926
0 0.137240 0.709259 0.014063 0.057407
0 0.138802 0.526389 0.014063 0.050926
0 0.193750 0.481944 0.011458 0.045370
0 0.254688 0.466667 0.009375 0.046296
0 0.157031 0.350000 0.013021 0.040741
0 0.189062 0.342130 0.009375 0.039815
0 0.251042 0.293519 0.013542 0.037037
0 0.350521 0.421296 0.010417 0.040741
0 0.378906 0.398611 0.008854 0.043519
0 0.440625 0.379630 0.012500 0.037037
0 0.378906 0.287963 0.008854 0.038889
0 0.496094 0.595370 0.011979 0.050000
0 0.484635 0.665278 0.011979 0.050926
0 0.579688 0.286574 0.008333 0.034259
0 0.610417 0.381944 0.008333 0.041667
0 0.563281 0.466204 0.013021 0.041667
0 0.755469 0.366204 0.011979 0.034259
0 0.686719 0.289815 0.010937 0.037037
0 0.782292 0.339352 0.015625 0.039815
1 0.725260 0.365741 0.003646 0.007407
0 0.702604 0.763426 0.014583 0.056481
0 0.877344 0.556481 0.015104 0.053704
