0 0.396094 0.224074 0.010937 0.046296
0 0.385937 0.310648 0.009375 0.047222
0 0.409115 0.304167 0.008854 0.047222
0 0.338281 0.364815 0.010937 0.050000
0 0.158333 0.519907 0.012500 0.058333
0 0.320573 0.448148 0.014063 0.051852
0 0.321875 0.670370 0.012500 0.064815
0 0.493490 0.741667 0.016146 0.061111
0 0.530990 0.292130 0.013021 0.047222
0 0.509375 0.321296 0.009375 0.042593
0 0.506771 0.341204 0.008333 0.049074
0 0.555990 0.425000 0.010937 0.050000
0 0.574479 0.381019 0.012500 0.054630
0 0.641146 0.525463 0.012500 0.058333
0 0.714063 0.391667 0.012500 0.050000
0 0.759896 0.339815 0.011458 0.046296
0 0.778125 0.298148 0.010417 0.044444
0 0.837240 0.366204 0.014063 0.050926
0 0.810677 0.409722 0.014063 0.052778
0 0.868490 0.303241 0.013021 0.043519
0 0.828646 0.605556 0.015625 0.059259
0 0.870833 0.635648 0.018750 0.058333
1 0.863021 0.313889 0.005208 0.009259
