0 0.141146 0.339352 0.009375 0.037963
0 0.181771 0.412037 0.013542 0.029630
0 0.249479 0.438426 0.010417 0.039815
0 0.238802 0.385185 0.010937 0.035185
0 0.230208 0.343519 0.009375 0.038889
0 0.331771 0.405556 0.014583 0.040741
0 0.321354 0.358333 0.012500 0.037037
0 0.378385 0.411111 0.014063 0.035185
0 0.306250 0.487963 0.014583 0.038889
0 0.292187 0.533333 0.011458 0.040741
0 0.291406 0.519444 0.016146 0.035185
0 0.342708 0.613426 0.017708 0.049074
0 0.522396 0.163426 0.010417 0.032407
0 0.517708 0.327778 0.011458 0.035185
0 0.602865 0.333796 0.013021 0.032407
0 0.650000 0.336574 0.010417 0.034259
0 0.697135 0.540278 0.009896 0.041667
0 0.584896 0.693981 0.013542 0.047222
0 0.593750 0.748611 0.011458 0.047222
0 0.808594 0.644444 0.011979 0.046296
0 0.882552 0.360185 0.010937 0.040741
1 0.352865 0.627778 0.005729 0.011111
0 0.312240 0.704167 0.014063 0.050926
