1 0.143750 0.624537 0.011458 0.062037
1 0.244271 0.493519 0.010417 0.050000
1 0.340625 0.501389 0.008333 0.049074
1 0.387760 0.670370 0.010937 0.062963
1 0.394271 0.694444 0.012500 0.068519
1 0.307292 0.421296 0.013542 0.046296
1 0.412760 0.466667 0.009896 0.046296
1 0.483333 0.525000 0.011458 0.050000
1 0.573958 0.558333 0.011458 0.062963
1 0.438802 0.420833 0.010937 0.039815
1 0.443229 0.414815 0.014583 0.046296
1 0.475781 0.415278 0.008854 0.041667
1 0.500000 0.452778 0.013542 0.044444
1 0.586198 0.463426 0.017188 0.041667
1 0.612760 0.444444 0.009896 0.044444
1 0.264583 0.401852 0.010417 0.044444
1 0.652865 0.437963 0.009896 0.046296
1 0.775000 0.436574 0.009375 0.045370
1 0.844010 0.450463 0.007812 0.049074
1 0.791927 0.575926 0.023438 0.061111
1 0.797396 0.616204 0.012500 0.056481
1 0.876563 0.555093 0.026042 0.052778
