1 0.142448 0.568519 0.006771 0.011111
0 0.131510 0.548148 0.016146 0.055556
0 0.163021 0.444444 0.016667 0.061111
0 0.236719 0.418981 0.011979 0.049074
0 0.306771 0.613889 0.025000 0.062963
0 0.075781 0.292593 0.014063 0.059259
0 0.304427 0.204630 0.010937 0.046296
0 0.437500 0.218519 0.010417 0.048148
0 0.446354 0.340278 0.011458 0.043519
0 0.626563 0.100000 0.009375 0.044444
0 0.564844 0.299074 0.014063 0.040741
0 0.758073 0.313889 0.011979 0.053704
0 0.741667 0.405093 0.012500 0.056481
0 0.720313 0.409259 0.011458 0.048148
0 0.853646 0.461574 0.015625 0.060185
0 0.764062 0.548148 0.013542 0.059259
0 0.604427 0.526852 0.015104 0.061111
0 0.596875 0.831019 0.018750 0.069444
0 0.829688 0.693981 0.017708 0.060185
0 0.955729 0.222685 0.015625 0.049074
0 0.923177 0.219907 0.014063 0.049074
0 0.934375 0.311111 0.012500 0.055556
0 0.937500 0.492593 0.013542 0.064815
