1 0.162500 0.368056 0.011458 0.036111
1 0.127083 0.414815 0.009375 0.035185
1 0.109635 0.460185 0.010937 0.044444
1 0.149479 0.491204 0.012500 0.045370
1 0.276823 0.504167 0.013021 0.045370
1 0.265104 0.421296 0.009375 0.035185
1 0.244010 0.424537 0.008854 0.041667
1 0.349740 0.450000 0.016146 0.038889
1 0.372396 0.456019 0.014583 0.041667
1 0.398177 0.588889 0.022396 0.046296
1 0.689583 0.823148 0.030208 0.059259
1 0.424740 0.334259 0.011979 0.025926
1 0.450521 0.374074 0.010417 0.033333
1 0.422396 0.417593 0.014583 0.035185
1 0.435937 0.441667 0.010417 0.038889
1 0.494531 0.416204 0.008854 0.032407
1 0.498698 0.480556 0.013021 0.044444
1 0.496615 0.545833 0.017188 0.047222
1 0.539323 0.465741 0.008854 0.040741
1 0.509896 0.412963 0.018750 0.031481
1 0.511198 0.373611 0.010937 0.034259
