1 0.245312 0.197222 0.010417 0.037037
1 0.217708 0.223611 0.010417 0.039815
1 0.232552 0.328704 0.017188 0.040741
1 0.227083 0.465741 0.021875 0.044444
1 0.184635 0.615278 0.018229 0.047222
1 0.207813 0.691667 0.018750 0.053704
1 0.310156 0.516204 0.018229 0.047222
1 0.326042 0.444907 0.013542 0.045370
1 0.340885 0.423611 0.010937 0.039815
1 0.358333 0.335185 0.015625 0.046296
1 0.368229 0.312037 0.011458 0.037037
1 0.442708 0.244444 0.011458 0.038889
1 0.520573 0.258796 0.008854 0.037963
1 0.543750 0.403241 0.018750 0.039815
1 0.499479 0.624074 0.016667 0.055556
1 0.629167 0.543519 0.019792 0.044444
1 0.621615 0.400463 0.018229 0.043519
1 0.688281 0.318056 0.010937 0.041667
1 0.720313 0.255556 0.014583 0.038889
1 0.855469 0.498148 0.017188 0.050000
1 0.977865 0.375926 0.011979 0.050000
