1 0.134635 0.672685 0.013021 0.063889
1 0.178125 0.459259 0.010417 0.040741
1 0.272396 0.537963 0.012500 0.042593
1 0.384375 0.555556 0.010417 0.044444
1 0.349479 0.412500 0.009375 0.037963
1 0.400781 0.452315 0.007812 0.036111
1 0.366406 0.750463 0.021354 0.058333
1 0.487760 0.659722 0.015104 0.052778
1 0.595833 0.585648 0.013542 0.052778
1 0.552865 0.518519 0.007812 0.044444
1 0.557552 0.478704 0.010937 0.037037
1 0.624479 0.575463 0.013542 0.047222
1 0.694271 0.666204 0.012500 0.050926
1 0.719271 0.695833 0.014583 0.054630
1 0.714844 0.743981 0.014063 0.063889
1 0.739323 0.613426 0.014063 0.045370
1 0.754948 0.594444 0.013021 0.051852
1 0.622135 0.474537 0.007812 0.037963
1 0.656771 0.472685 0.009375 0.039815
1 0.624219 0.443519 0.007812 0.037037
1 0.528906 0.412037 0.007812 0.035185
1 0.825781 0.452315 0.010937 0.041667
