1 0.272135 0.323148 0.018229 0.042593
1 0.345573 0.480093 0.019271 0.049074
1 0.456510 0.466667 0.016146 0.050000
1 0.259375 0.626852 0.017708 0.050000
1 0.240365 0.689352 0.029687 0.054630
1 0.354948 0.586111 0.018229 0.046296
1 0.407552 0.586574 0.016146 0.050926
1 0.423177 0.364352 0.014063 0.041667
1 0.448698 0.332870 0.011979 0.041667
1 0.472656 0.368981 0.015104 0.039815
1 0.531771 0.371296 0.012500 0.044444
1 0.512760 0.457870 0.015104 0.041667
1 0.536198 0.513889 0.010937 0.044444
1 0.591146 0.466667 0.010417 0.046296
1 0.667708 0.540741 0.013542 0.053704
1 0.682813 0.586111 0.014583 0.055556
1 0.730208 0.425463 0.011458 0.049074
1 0.545052 0.298611 0.010937 0.036111
1 0.672396 0.288426 0.010417 0.043519
1 0.468490 0.287963 0.015104 0.037037
1 0.507552 0.258796 0.010937 0.039815
1 0.851562 0.550000 0.012500 0.055556
1 0.214583 0.762963 0.021875 0.064815
1 0.393490 0.812037 0.025521 0.055556
