1 0.327604 0.311574 0.031250 0.137963
1 0.034115 0.068056 0.024479 0.099074
1 0.405469 0.263889 0.026562 0.122222
1 0.443750 0.178704 0.026042 0.103704
1 0.461198 0.418519 0.038021 0.124074
1 0.528125 0.433796 0.040625 0.117593
1 0.563542 0.552778 0.055208 0.129630
1 0.572917 0.536574 0.048958 0.115741
1 0.749219 0.511111 0.034896 0.142593
1 0.774740 0.563889 0.054688 0.151852
1 0.764844 0.282407 0.032813 0.118519
1 0.815104 0.368981 0.044792 0.126852
1 0.964844 0.611574 0.041146 0.173148
1 0.690365 0.080093 0.023438 0.087963
1 0.478646 0.558333 0.061458 0.116667
