1 0.032292 0.343519 0.011458 0.044444
1 0.168750 0.631481 0.018750 0.050000
1 0.281250 0.471296 0.012500 0.051852
1 0.294792 0.531019 0.012500 0.050926
1 0.414323 0.493056 0.011979 0.047222
1 0.425260 0.470833 0.016146 0.047222
1 0.314844 0.383796 0.017188 0.049074
1 0.339062 0.307870 0.014583 0.039815
1 0.366667 0.239815 0.012500 0.035185
1 0.397917 0.204630 0.012500 0.035185
1 0.474219 0.399074 0.010937 0.044444
1 0.512240 0.351389 0.014063 0.039815
1 0.600000 0.318056 0.015625 0.039815
1 0.598437 0.506019 0.011458 0.049074
1 0.509896 0.426852 0.013542 0.044444
1 0.718490 0.634722 0.025521 0.052778
1 0.760417 0.574074 0.022917 0.059259
1 0.669792 0.530093 0.019792 0.050926
1 0.671094 0.484259 0.015104 0.050000
1 0.632812 0.294907 0.015625 0.041667
1 0.685937 0.337500 0.013542 0.043519
1 0.747396 0.357407 0.020833 0.046296
1 0.543490 0.842130 0.017188 0.067593
1 0.677344 0.841667 0.029687 0.061111
1 0.776563 0.851852 0.029167 0.055556
