1 0.080208 0.531481 0.020833 0.051852
1 0.099219 0.497222 0.011979 0.053704
1 0.177604 0.360648 0.012500 0.049074
1 0.269271 0.337037 0.008333 0.044444
1 0.310937 0.223611 0.009375 0.039815
1 0.344792 0.398611 0.014583 0.050926
1 0.199740 0.579630 0.010937 0.050000
1 0.385417 0.532407 0.021875 0.050000
1 0.401823 0.495833 0.016146 0.050926
1 0.624479 0.476389 0.020833 0.041667
1 0.596875 0.419907 0.018750 0.045370
1 0.710677 0.350000 0.017188 0.040741
1 0.774219 0.339815 0.022396 0.046296
1 0.820573 0.412037 0.018229 0.051852
1 0.832292 0.415278 0.016667 0.041667
1 0.741406 0.552778 0.016146 0.048148
1 0.782813 0.679167 0.015625 0.056481
1 0.894531 0.615741 0.029687 0.059259
1 0.911719 0.698611 0.024479 0.062037
1 0.323698 0.735648 0.015104 0.056481
1 0.151302 0.771759 0.014063 0.060185
1 0.267448 0.922222 0.016146 0.066667
