1 0.102083 0.396296 0.023958 0.087037
1 0.208854 0.303704 0.017708 0.079630
1 0.258073 0.367593 0.032813 0.088889
1 0.359635 0.532407 0.033854 0.100000
1 0.504427 0.439815 0.020313 0.094444
1 0.313802 0.353704 0.018229 0.070370
1 0.276823 0.249537 0.019271 0.060185
1 0.324479 0.236574 0.019792 0.062037
1 0.513281 0.255556 0.017188 0.066667
1 0.652604 0.354630 0.015625 0.068519
1 0.796094 0.552315 0.022396 0.097222
1 0.698177 0.625926 0.022396 0.111111
1 0.926302 0.945370 0.034896 0.109259
1 0.694531 0.205093 0.016146 0.073148
1 0.831510 0.203704 0.018229 0.074074
1 0.923177 0.222685 0.023438 0.082407
1 0.809375 0.312037 0.019792 0.087037
