1 0.064583 0.482407 0.011458 0.040741
1 0.377344 0.466667 0.011979 0.033333
1 0.420312 0.563426 0.010417 0.043519
1 0.470573 0.635648 0.011979 0.047222
1 0.483594 0.480556 0.006771 0.029630
1 0.490885 0.482407 0.010937 0.035185
1 0.484375 0.411574 0.010417 0.036111
1 0.537240 0.446759 0.006771 0.030556
1 0.546094 0.456019 0.009896 0.037963
1 0.591146 0.481944 0.010417 0.034259
1 0.598958 0.475000 0.012500 0.038889
1 0.569010 0.413426 0.007812 0.034259
1 0.581771 0.378241 0.008333 0.030556
1 0.624479 0.381019 0.006250 0.030556
1 0.673698 0.396296 0.008854 0.037037
1 0.706250 0.431481 0.008333 0.033333
1 0.790104 0.514352 0.014583 0.049074
1 0.761979 0.658333 0.016667 0.051852
1 0.808594 0.477315 0.007812 0.037963
1 0.773177 0.383796 0.009896 0.032407
1 0.813021 0.423148 0.011458 0.035185
1 0.851562 0.432870 0.011458 0.036111
