1 0.076302 0.412963 0.014063 0.038889
1 0.255990 0.413426 0.013021 0.047222
1 0.391667 0.310648 0.012500 0.043519
1 0.270313 0.205556 0.014583 0.037037
1 0.427604 0.132407 0.012500 0.044444
1 0.648958 0.129167 0.008333 0.045370
1 0.472656 0.431019 0.010937 0.054630
1 0.519792 0.430093 0.010417 0.054630
1 0.544010 0.418519 0.009896 0.031481
1 0.551302 0.434259 0.011979 0.022222
1 0.569792 0.427778 0.011458 0.046296
1 0.596354 0.431019 0.010417 0.047222
1 0.621875 0.412963 0.011458 0.044444
1 0.607552 0.363426 0.008854 0.043519
1 0.749219 0.354167 0.015104 0.041667
1 0.518490 0.803704 0.022396 0.059259
1 0.715365 0.434722 0.010937 0.041667
1 0.644792 0.432407 0.009375 0.046296
1 0.677865 0.431944 0.011979 0.047222
1 0.690625 0.418981 0.016667 0.049074
1 0.700521 0.409722 0.013542 0.039815
1 0.777604 0.434722 0.009375 0.047222
