1 0.121615 0.717130 0.041146 0.199074
1 0.266667 0.559722 0.029167 0.158333
1 0.372135 0.550463 0.033854 0.175000
1 0.345573 0.382407 0.027604 0.127778
1 0.337760 0.337963 0.021354 0.109259
1 0.289323 0.465278 0.028646 0.136111
1 0.571615 0.436574 0.023438 0.121296
1 0.604167 0.413889 0.028125 0.125926
1 0.657552 0.458796 0.025521 0.130556
1 0.715365 0.475000 0.064062 0.070370
1 0.759896 0.515278 0.036458 0.156481
1 0.883594 0.673611 0.039062 0.178704
1 0.875521 0.585648 0.047917 0.162037
1 0.923438 0.525926 0.046875 0.146296
