0 0.166146 0.320370 0.010417 0.050000
0 0.286719 0.318519 0.013021 0.044444
0 0.305469 0.291204 0.010937 0.039815
0 0.311719 0.405556 0.011979 0.040741
0 0.334896 0.334259 0.010417 0.046296
0 0.351302 0.343519 0.014063 0.040741
0 0.381250 0.304630 0.008333 0.042593
0 0.405469 0.324074 0.010937 0.037037
0 0.392708 0.254167 0.010417 0.036111
0 0.477344 0.200926 0.008854 0.037037
0 0.476042 0.347685 0.013542 0.041667
0 0.492708 0.349537 0.010417 0.041667
0 0.520312 0.386111 0.010417 0.044444
0 0.506250 0.422222 0.011458 0.046296
0 0.538542 0.253704 0.020833 0.035185
0 0.536458 0.294907 0.011458 0.037963
0 0.664583 0.310648 0.013542 0.041667
0 0.671875 0.246296 0.008333 0.042593
0 0.617188 0.551852 0.015625 0.051852
0 0.846094 0.408333 0.009896 0.053704
0 0.833333 0.275926 0.017708 0.042593
0 0.577344 0.221296 0.009896 0.038889
1 0.410677 0.335648 0.004687 0.008333
