1 0.189583 0.370370 0.011458 0.046296
1 0.278646 0.454630 0.013542 0.050000
1 0.377604 0.413889 0.011458 0.046296
1 0.397656 0.526852 0.011979 0.050000
1 0.502344 0.450463 0.010937 0.050926
1 0.576562 0.431481 0.009375 0.046296
1 0.439323 0.334722 0.011979 0.043519
1 0.450000 0.334722 0.009375 0.037963
1 0.449740 0.281481 0.010937 0.038889
1 0.504948 0.297685 0.006771 0.036111
1 0.507812 0.305556 0.007292 0.040741
1 0.570833 0.375926 0.008333 0.044444
1 0.670052 0.508796 0.010937 0.047222
1 0.582292 0.298148 0.010417 0.040741
1 0.581771 0.326389 0.009375 0.043519
1 0.714844 0.345833 0.010937 0.039815
1 0.745573 0.351852 0.007812 0.042593
1 0.719531 0.414352 0.007812 0.041667
1 0.757812 0.474074 0.010417 0.048148
1 0.766406 0.289352 0.008854 0.041667
1 0.692708 0.288889 0.008333 0.042593
1 0.702865 0.303704 0.008854 0.044444
