1 0.014323 0.408333 0.020313 0.092593
1 0.194531 0.405093 0.016146 0.095370
1 0.136719 0.650463 0.028646 0.117593
1 0.311979 0.728241 0.035417 0.115741
1 0.414583 0.836111 0.043750 0.127778
1 0.751042 0.892593 0.033333 0.129630
1 0.137240 0.293519 0.022396 0.077778
1 0.185156 0.207870 0.017188 0.063889
1 0.421875 0.303704 0.017708 0.075926
1 0.395573 0.431944 0.018229 0.082407
1 0.448437 0.458796 0.022917 0.089815
1 0.653906 0.546296 0.022396 0.103704
1 0.836979 0.572222 0.023958 0.105556
1 0.827865 0.354630 0.023438 0.087037
1 0.495312 0.251389 0.025000 0.078704
