1 0.168750 0.667593 0.016667 0.066667
1 0.079687 0.634259 0.015625 0.057407
1 0.134635 0.573148 0.014063 0.051852
1 0.312500 0.528704 0.013542 0.048148
1 0.117708 0.471759 0.011458 0.047222
1 0.130990 0.483796 0.011979 0.043519
1 0.492448 0.696759 0.014063 0.060185
1 0.417969 0.599537 0.013021 0.058333
1 0.542708 0.644444 0.013542 0.057407
1 0.685937 0.767130 0.015625 0.069444
1 0.742188 0.630093 0.012500 0.056481
1 0.817708 0.648148 0.013542 0.064815
1 0.695052 0.543981 0.015104 0.050926
1 0.733594 0.532407 0.010937 0.048148
1 0.475260 0.365741 0.008854 0.029630
1 0.596354 0.447685 0.008333 0.041667
1 0.529948 0.500000 0.013021 0.048148
1 0.656250 0.456481 0.009375 0.046296
1 0.745573 0.450463 0.010937 0.047222
1 0.785417 0.444444 0.010417 0.046296
1 0.791667 0.443056 0.009375 0.041667
1 0.802083 0.428704 0.015625 0.051852
