1 0.034115 0.655093 0.044271 0.150926
1 0.200260 0.522685 0.030729 0.134259
1 0.270313 0.476389 0.040625 0.121296
1 0.307031 0.503704 0.031771 0.138889
1 0.398438 0.461574 0.029167 0.113889
1 0.425521 0.530556 0.034375 0.135185
1 0.660417 0.504167 0.021875 0.121296
1 0.614062 0.696759 0.032292 0.160185
1 0.802604 0.745370 0.032292 0.168519
1 0.836719 0.514815 0.024479 0.131481
1 0.875260 0.482870 0.029687 0.121296
1 0.965104 0.391667 0.021875 0.112963
1 0.741406 0.372685 0.029687 0.089815
1 0.669792 0.361574 0.029167 0.082407
1 0.607552 0.385185 0.033854 0.101852
1 0.639583 0.313426 0.025000 0.076852
