1 0.086979 0.944444 0.029167 0.111111
1 0.118229 0.535185 0.020833 0.098148
1 0.213542 0.418981 0.018750 0.097222
1 0.320312 0.363889 0.017708 0.087037
1 0.401823 0.403241 0.019271 0.082407
1 0.452865 0.431481 0.025521 0.090741
1 0.580208 0.528241 0.019792 0.089815
1 0.650260 0.602778 0.029687 0.101852
1 0.546354 0.448148 0.025000 0.079630
1 0.566146 0.324537 0.013542 0.075000
1 0.564844 0.259722 0.016146 0.065741
1 0.640625 0.273611 0.018750 0.054630
1 0.679427 0.257407 0.016146 0.057407
1 0.792188 0.307407 0.016667 0.070370
1 0.758073 0.446759 0.023438 0.086111
1 0.895052 0.443519 0.021354 0.083333
1 0.869010 0.893981 0.035937 0.139815
1 0.885938 0.275000 0.025000 0.059259
