0 0.172396 0.375463 0.011458 0.043519
0 0.329688 0.477315 0.013542 0.043519
0 0.314844 0.513426 0.010937 0.047222
0 0.360677 0.437963 0.011979 0.046296
0 0.389323 0.452315 0.013021 0.043519
0 0.400781 0.502315 0.010937 0.047222
0 0.396094 0.370370 0.015104 0.042593
0 0.429948 0.372685 0.014063 0.037963
0 0.420052 0.319907 0.013021 0.037963
0 0.487760 0.252778 0.010937 0.029630
0 0.511719 0.230093 0.009896 0.034259
0 0.521875 0.279167 0.016667 0.036111
0 0.545052 0.338426 0.011979 0.039815
0 0.565365 0.399074 0.009896 0.046296
0 0.531250 0.450463 0.019792 0.050926
0 0.605729 0.259722 0.008333 0.036111
0 0.677083 0.350463 0.011458 0.036111
0 0.693229 0.344444 0.011458 0.037037
0 0.729688 0.359722 0.017708 0.039815
0 0.718229 0.523611 0.010417 0.050926
0 0.413021 0.655556 0.015625 0.057407
0 0.907552 0.625463 0.024479 0.034259
1 0.503125 0.244907 0.004167 0.008333
