1 0.200260 0.543519 0.010937 0.038889
1 0.259896 0.574074 0.012500 0.037037
1 0.361458 0.432407 0.010417 0.035185
1 0.449479 0.484722 0.008333 0.034259
1 0.489844 0.464815 0.007812 0.031481
1 0.555208 0.439815 0.007292 0.038889
1 0.614844 0.372222 0.006771 0.031481
1 0.353906 0.255556 0.007812 0.027778
1 0.419010 0.156019 0.006771 0.019444
1 0.424740 0.161574 0.008854 0.019444
1 0.430469 0.134722 0.008854 0.028704
1 0.453906 0.641667 0.009896 0.038889
1 0.476823 0.597222 0.007812 0.042593
1 0.579427 0.699074 0.009896 0.042593
1 0.600000 0.622685 0.009375 0.037963
1 0.696094 0.663889 0.009896 0.040741
1 0.683073 0.481481 0.007812 0.038889
1 0.497135 0.386574 0.006771 0.028704
1 0.667969 0.390741 0.008854 0.033333
1 0.504167 0.273611 0.006250 0.032407
1 0.484115 0.307407 0.007812 0.022222
1 0.600521 0.259722 0.006250 0.028704
1 0.532813 0.881944 0.011458 0.049074
1 0.047135 0.624074 0.016146 0.048148
1 0.939323 0.494907 0.010937 0.036111
1 0.828906 0.259722 0.007812 0.028704
1 0.791667 0.192130 0.008333 0.026852
