1 0.322135 0.619444 0.040104 0.088889
1 0.092448 0.946296 0.031771 0.107407
1 0.195052 0.956944 0.033854 0.086111
1 0.140885 0.319444 0.014063 0.090741
1 0.092969 0.168981 0.025521 0.078704
1 0.509635 0.559722 0.019271 0.110185
1 0.694792 0.641667 0.020833 0.109259
1 0.700521 0.844444 0.031250 0.138889
1 0.739062 0.928704 0.027083 0.135185
1 0.766667 0.546296 0.033333 0.118519
1 0.604427 0.370833 0.017188 0.091667
1 0.447135 0.263426 0.017188 0.075000
1 0.626302 0.252778 0.018229 0.079630
1 0.656510 0.271759 0.019271 0.071296
1 0.549219 0.137500 0.020313 0.076852
1 0.730990 0.095370 0.025521 0.062963
1 0.851823 0.249074 0.023438 0.077778
1 0.893490 0.271759 0.028646 0.078704
1 0.951823 0.309259 0.025521 0.096296
