0 0.144010 0.481481 0.029687 0.111111
0 0.202865 0.375463 0.024479 0.100926
0 0.163021 0.291204 0.025000 0.084259
0 0.192188 0.263426 0.029167 0.097222
0 0.103906 0.233796 0.021354 0.080556
0 0.339583 0.271296 0.019792 0.081481
0 0.415104 0.173148 0.019792 0.074074
0 0.392708 0.399074 0.019792 0.109259
0 0.403125 0.334259 0.021875 0.085185
0 0.565885 0.273148 0.028646 0.081481
0 0.639583 0.255556 0.018750 0.087037
0 0.798698 0.400926 0.027604 0.096296
0 0.868490 0.356019 0.025521 0.099074
1 0.417708 0.212500 0.007292 0.013889
