0 0.079948 0.605093 0.016146 0.049074
0 0.120833 0.582407 0.012500 0.048148
0 0.124479 0.677778 0.015625 0.051852
0 0.239583 0.572222 0.014583 0.046296
0 0.097135 0.518056 0.011979 0.045370
0 0.145313 0.488426 0.010417 0.043519
0 0.355208 0.391667 0.014583 0.033333
0 0.377604 0.512963 0.014583 0.044444
0 0.395833 0.505093 0.014583 0.041667
0 0.464323 0.521759 0.018229 0.041667
0 0.347135 0.639352 0.018229 0.052778
0 0.385937 0.728241 0.020833 0.056481
0 0.410938 0.734259 0.016667 0.059259
0 0.531250 0.645833 0.018750 0.052778
0 0.538021 0.702778 0.020833 0.055556
0 0.668229 0.681481 0.021875 0.057407
0 0.649219 0.757870 0.018229 0.058333
0 0.628125 0.514815 0.010417 0.040741
0 0.602604 0.495833 0.013542 0.041667
0 0.579688 0.464815 0.011458 0.040741
0 0.517708 0.588426 0.015625 0.043519
0 0.869531 0.490278 0.016146 0.045370
1 0.646354 0.778241 0.005208 0.010185
