1 0.025521 0.494444 0.009375 0.040741
1 0.270052 0.543056 0.009896 0.041667
1 0.336979 0.562037 0.010417 0.046296
1 0.420573 0.582870 0.013021 0.036111
1 0.374479 0.617593 0.016667 0.040741
1 0.395052 0.623148 0.011979 0.050000
1 0.439063 0.639352 0.014583 0.045370
1 0.495833 0.626389 0.010417 0.056481
1 0.500260 0.752778 0.013021 0.061111
1 0.610938 0.612500 0.011458 0.050926
1 0.710156 0.678241 0.017188 0.052778
1 0.726302 0.631481 0.010937 0.051852
1 0.736458 0.721296 0.019792 0.061111
1 0.761719 0.561574 0.007812 0.047222
1 0.752344 0.459722 0.013021 0.037963
1 0.359896 0.478241 0.012500 0.036111
1 0.350260 0.455093 0.013021 0.028704
1 0.502083 0.479167 0.010417 0.032407
1 0.520573 0.535648 0.013021 0.043519
1 0.547396 0.551389 0.009375 0.039815
1 0.567708 0.565278 0.007292 0.045370
1 0.529948 0.394444 0.009896 0.025926
1 0.835938 0.923611 0.015625 0.071296
