0 0.148958 0.456481 0.010417 0.040741
0 0.334635 0.382870 0.014063 0.037963
0 0.332292 0.422222 0.011458 0.033333
0 0.222917 0.238889 0.009375 0.033333
0 0.298698 0.238426 0.013021 0.032407
0 0.479687 0.376389 0.012500 0.034259
0 0.468229 0.216667 0.007292 0.033333
0 0.534115 0.207407 0.007812 0.031481
0 0.542448 0.206019 0.007812 0.034259
0 0.590365 0.346296 0.014063 0.035185
0 0.620833 0.362500 0.011458 0.034259
0 0.736719 0.233796 0.007812 0.032407
0 0.827083 0.263426 0.009375 0.036111
0 0.603646 0.651389 0.009375 0.045370
0 0.707812 0.703241 0.009375 0.045370
0 0.777344 0.552315 0.009896 0.039815
0 0.860156 0.562963 0.010937 0.038889
0 0.361979 0.708796 0.010417 0.045370
0 0.367969 0.707407 0.015104 0.046296
0 0.455208 0.589815 0.012500 0.046296
0 0.470313 0.931944 0.015625 0.052778
0 0.426563 0.500463 0.013542 0.041667
1 0.327865 0.438426 0.003646 0.006481
0 0.527344 0.048611 0.007812 0.028704
