0 0.108854 0.452778 0.012500 0.055556
0 0.160938 0.470370 0.012500 0.055556
0 0.172917 0.346759 0.011458 0.052778
0 0.235937 0.347685 0.012500 0.045370
0 0.234896 0.214815 0.012500 0.044444
0 0.288021 0.255556 0.015625 0.044444
0 0.299479 0.178704 0.013542 0.042593
0 0.338021 0.154167 0.010417 0.034259
0 0.356250 0.180093 0.013542 0.041667
0 0.376302 0.141204 0.008854 0.039815
0 0.402865 0.149074 0.010937 0.040741
0 0.388542 0.359259 0.013542 0.046296
0 0.360677 0.361574 0.013021 0.047222
0 0.447656 0.160648 0.009896 0.041667
0 0.393490 0.456944 0.011979 0.049074
0 0.355208 0.489352 0.014583 0.056481
0 0.607031 0.305093 0.011979 0.049074
0 0.760156 0.270370 0.010937 0.048148
0 0.828906 0.450926 0.011979 0.057407
0 0.675000 0.617593 0.018750 0.059259
0 0.881771 0.350463 0.010417 0.050926
