1 0.403125 0.406481 0.037500 0.111111
1 0.459375 0.445370 0.028125 0.090741
1 0.350000 0.500000 0.028125 0.118519
1 0.382552 0.524537 0.025521 0.128704
1 0.628906 0.575000 0.039062 0.131481
1 0.498437 0.822222 0.039583 0.155556
1 0.487760 0.739815 0.034896 0.172222
1 0.737240 0.683333 0.033854 0.142593
1 0.782031 0.672222 0.048438 0.159259
1 0.967708 0.722222 0.053125 0.164815
1 0.863281 0.735185 0.039062 0.157407
1 0.826823 0.697685 0.035937 0.162037
1 0.809115 0.674537 0.058854 0.136111
1 0.979688 0.619907 0.033333 0.156481
1 0.034635 0.631481 0.032813 0.133333
