1 0.015885 0.478241 0.030729 0.097222
1 0.264583 0.493519 0.030208 0.105556
1 0.393750 0.454167 0.027083 0.093519
1 0.443750 0.485648 0.034375 0.106481
1 0.334375 0.396296 0.028125 0.088889
1 0.284375 0.272222 0.029167 0.070370
1 0.520833 0.312037 0.026042 0.083333
1 0.527083 0.228241 0.023958 0.073148
1 0.679688 0.349074 0.018750 0.092593
1 0.708333 0.394444 0.026042 0.081481
1 0.702344 0.513426 0.020313 0.102778
1 0.934896 0.524074 0.026042 0.111111
1 0.854167 0.422222 0.028125 0.090741
1 0.981771 0.380556 0.022917 0.092593
1 0.801302 0.286574 0.021354 0.082407
1 0.802344 0.231019 0.027604 0.078704
1 0.759635 0.055093 0.019271 0.065741
1 0.698958 0.893981 0.033333 0.149074
