1 0.423698 0.489352 0.004687 0.008333
0 0.429688 0.476389 0.010417 0.032407
0 0.364844 0.570370 0.011979 0.038889
0 0.296094 0.528241 0.015104 0.037963
0 0.307031 0.481944 0.009896 0.036111
0 0.325260 0.475926 0.006771 0.038889
0 0.411719 0.423611 0.009896 0.032407
0 0.385937 0.455556 0.007292 0.038889
0 0.395052 0.459259 0.013021 0.033333
0 0.445312 0.446759 0.009375 0.032407
0 0.469531 0.458333 0.013021 0.033333
0 0.453385 0.557870 0.008854 0.043519
0 0.517188 0.512500 0.012500 0.039815
0 0.525521 0.469907 0.007292 0.032407
0 0.547396 0.529167 0.009375 0.045370
0 0.623177 0.546759 0.015104 0.045370
0 0.692187 0.481944 0.010417 0.039815
0 0.664323 0.430556 0.007812 0.037037
0 0.712240 0.479167 0.011979 0.037963
0 0.725521 0.531481 0.008333 0.042593
0 0.715104 0.625000 0.008333 0.050000
0 0.900781 0.563426 0.011979 0.043519
