0 0.036458 0.373148 0.027083 0.087037
0 0.027344 0.514815 0.036979 0.100000
0 0.173437 0.453241 0.021875 0.078704
0 0.325781 0.536111 0.020313 0.098148
0 0.368490 0.466204 0.020313 0.093519
0 0.397135 0.409259 0.032813 0.072222
0 0.502604 0.335185 0.018750 0.072222
0 0.568490 0.426852 0.027604 0.083333
0 0.616927 0.537500 0.022396 0.095370
0 0.617188 0.349537 0.033333 0.076852
0 0.787240 0.394444 0.026562 0.085185
0 0.841406 0.451389 0.024479 0.076852
0 0.861458 0.536574 0.020833 0.087963
0 0.873698 0.554167 0.026562 0.099074
0 0.969531 0.483333 0.017188 0.092593
1 0.478385 0.371296 0.006771 0.011111
0 0.726302 0.179167 0.014063 0.067593
0 0.988802 0.309722 0.013021 0.080556
0 0.655729 0.949074 0.032292 0.101852
