1 0.158594 0.733796 0.033854 0.126852
1 0.271615 0.597685 0.040104 0.084259
1 0.217969 0.410648 0.035937 0.089815
1 0.312240 0.482870 0.046354 0.065741
1 0.434115 0.388889 0.030729 0.090741
1 0.483854 0.404630 0.027083 0.087037
1 0.583073 0.500463 0.028646 0.108333
1 0.712500 0.490741 0.020833 0.111111
1 0.376823 0.218056 0.024479 0.075000
1 0.416406 0.202315 0.028646 0.076852
1 0.448177 0.161111 0.024479 0.064815
1 0.528906 0.319444 0.029687 0.090741
1 0.674219 0.220370 0.020313 0.081481
1 0.714844 0.174074 0.025521 0.075926
1 0.971094 0.224537 0.018229 0.080556
1 0.990625 0.306944 0.018750 0.082407
