1 0.141927 0.702315 0.056771 0.187963
1 0.175781 0.312037 0.046354 0.116667
1 0.233333 0.289352 0.045833 0.104630
1 0.324219 0.349537 0.042188 0.115741
1 0.459115 0.426852 0.043229 0.129630
1 0.504687 0.413426 0.062500 0.134259
1 0.605469 0.368981 0.044271 0.126852
1 0.632812 0.319444 0.054167 0.129630
1 0.630729 0.226852 0.042708 0.090741
1 0.733854 0.359722 0.036458 0.134259
1 0.740885 0.334259 0.033854 0.129630
1 0.770052 0.291667 0.043229 0.118519
1 0.811458 0.326389 0.040625 0.125000
1 0.950781 0.317593 0.033854 0.131481
