0 0.203125 0.557407 0.013542 0.048148
0 0.133333 0.428704 0.012500 0.044444
0 0.213281 0.370833 0.009896 0.036111
0 0.202344 0.337500 0.008854 0.036111
0 0.247656 0.329167 0.010937 0.034259
0 0.223698 0.293519 0.009896 0.033333
0 0.312240 0.314352 0.009896 0.036111
0 0.345052 0.233333 0.009896 0.029630
0 0.432552 0.281481 0.009896 0.029630
0 0.377604 0.500000 0.013542 0.040741
0 0.400781 0.540741 0.015104 0.042593
0 0.444271 0.389815 0.009375 0.038889
0 0.449219 0.445370 0.015104 0.035185
0 0.547917 0.553704 0.012500 0.042593
0 0.552083 0.421759 0.013542 0.041667
0 0.466146 0.393519 0.013542 0.038889
0 0.538542 0.362037 0.011458 0.038889
0 0.579948 0.342593 0.010937 0.035185
0 0.631250 0.408333 0.015625 0.038889
0 0.730990 0.552778 0.010937 0.044444
0 0.821354 0.339815 0.018750 0.037037
0 0.790625 0.670833 0.015625 0.056481
1 0.784896 0.677778 0.006250 0.011111
