1 0.091146 0.610648 0.016667 0.058333
1 0.215625 0.601852 0.013542 0.059259
1 0.234115 0.440278 0.010937 0.047222
1 0.352344 0.337037 0.008854 0.040741
1 0.351042 0.559259 0.013542 0.055556
1 0.215885 0.785648 0.016146 0.069444
1 0.222135 0.772222 0.011979 0.064815
1 0.371094 0.670370 0.014063 0.064815
1 0.377604 0.786574 0.012500 0.062037
1 0.419792 0.776852 0.010417 0.074074
1 0.517708 0.651389 0.015625 0.060185
1 0.523698 0.666204 0.013021 0.054630
1 0.476562 0.466204 0.011458 0.041667
1 0.428646 0.488426 0.009375 0.049074
1 0.676042 0.686111 0.022917 0.061111
1 0.741927 0.676389 0.021354 0.054630
1 0.852865 0.728241 0.019271 0.062037
1 0.504687 0.809722 0.015625 0.071296
1 0.705990 0.523148 0.019271 0.048148
1 0.551823 0.447685 0.009896 0.045370
1 0.604167 0.445370 0.015625 0.046296
1 0.546615 0.387500 0.009896 0.039815
1 0.653906 0.382870 0.010937 0.041667
1 0.878125 0.398611 0.013542 0.045370
1 0.194531 0.865741 0.016146 0.083333
1 0.391667 0.884259 0.016667 0.074074
