1 0.244271 0.531944 0.020833 0.100926
1 0.301823 0.440741 0.021354 0.092593
1 0.389844 0.443056 0.022396 0.097222
1 0.176563 0.283796 0.016667 0.078704
1 0.325000 0.307407 0.021875 0.079630
1 0.512760 0.281481 0.025521 0.074074
1 0.477344 0.206019 0.024479 0.069444
1 0.359375 0.200463 0.015625 0.075000
1 0.606510 0.243519 0.020313 0.068519
1 0.714323 0.252778 0.022396 0.081481
1 0.694792 0.396296 0.019792 0.094444
1 0.745833 0.614352 0.026042 0.123148
1 0.819271 0.587963 0.026042 0.120370
1 0.921094 0.514352 0.024479 0.117593
1 0.990885 0.722685 0.015104 0.128704
1 0.676042 0.184259 0.026042 0.064815
