0 0.203125 0.566667 0.010417 0.050000
0 0.185417 0.458796 0.016667 0.045370
0 0.270573 0.641204 0.017188 0.049074
0 0.389844 0.621759 0.009896 0.050926
0 0.480469 0.578704 0.009896 0.042593
0 0.349219 0.477778 0.016146 0.040741
0 0.522917 0.487500 0.012500 0.041667
0 0.376563 0.355093 0.010417 0.039815
0 0.371354 0.281481 0.007292 0.037037
0 0.517969 0.418519 0.009896 0.042593
0 0.564844 0.289815 0.011979 0.042593
0 0.244271 0.350926 0.008333 0.040741
0 0.608594 0.733333 0.019271 0.059259
0 0.628125 0.660185 0.010417 0.053704
0 0.670052 0.661111 0.015104 0.053704
0 0.623958 0.586574 0.011458 0.050926
0 0.595573 0.538889 0.014063 0.050000
0 0.651302 0.514352 0.015104 0.049074
0 0.641406 0.454630 0.009896 0.044444
0 0.597135 0.436574 0.014063 0.043519
0 0.600000 0.362037 0.011458 0.040741
0 0.860938 0.354167 0.013542 0.043519
