1 0.243490 0.339815 0.009896 0.038889
1 0.309896 0.322685 0.008333 0.043519
1 0.408594 0.454167 0.013021 0.043519
1 0.478646 0.424537 0.010417 0.045370
1 0.484115 0.634722 0.011979 0.050926
1 0.504948 0.350000 0.010937 0.042593
1 0.558594 0.382870 0.010937 0.041667
1 0.630469 0.330556 0.010937 0.035185
1 0.676823 0.376389 0.013021 0.041667
1 0.724740 0.304167 0.013021 0.036111
1 0.749219 0.298148 0.008854 0.038889
1 0.822656 0.430093 0.010937 0.043519
1 0.694531 0.617593 0.010937 0.048148
1 0.714323 0.621759 0.013021 0.050926
1 0.465365 0.280093 0.008854 0.037963
1 0.558594 0.264352 0.006771 0.037963
1 0.680208 0.227778 0.010417 0.033333
1 0.705990 0.265741 0.010937 0.031481
1 0.205729 0.537500 0.010417 0.050926
1 0.212500 0.603704 0.015625 0.048148
1 0.835417 0.393981 0.010417 0.039815
1 0.908073 0.392130 0.008854 0.043519
1 0.848177 0.236574 0.009896 0.036111
1 0.428125 0.188889 0.011458 0.038889
