1 0.181510 0.521296 0.019271 0.055556
1 0.224740 0.391667 0.008854 0.050000
1 0.261979 0.357407 0.009375 0.048148
1 0.301563 0.297222 0.012500 0.042593
1 0.333333 0.476852 0.009375 0.046296
1 0.347135 0.517593 0.015104 0.050000
1 0.287240 0.690741 0.011979 0.053704
1 0.301563 0.740741 0.016667 0.059259
1 0.525781 0.780093 0.013021 0.060185
1 0.381771 0.880556 0.017708 0.062963
1 0.725260 0.895370 0.013021 0.064815
1 0.655990 0.832407 0.018229 0.057407
1 0.614583 0.641667 0.012500 0.051852
1 0.584635 0.609722 0.018229 0.050926
1 0.723698 0.546759 0.023438 0.047222
1 0.672917 0.530556 0.013542 0.050000
1 0.759115 0.385648 0.013021 0.049074
1 0.859375 0.569907 0.013542 0.054630
1 0.412760 0.492130 0.013021 0.043519
1 0.488021 0.447685 0.010417 0.049074
1 0.544531 0.449537 0.010937 0.049074
1 0.554948 0.295833 0.007812 0.041667
1 0.671615 0.289815 0.011979 0.033333
1 0.917708 0.875000 0.019792 0.061111
