1 0.177604 0.321759 0.012500 0.050926
1 0.266667 0.390278 0.015625 0.041667
1 0.279687 0.351852 0.013542 0.044444
1 0.196615 0.243056 0.018229 0.049074
1 0.408854 0.207870 0.012500 0.045370
1 0.384375 0.397222 0.010417 0.046296
1 0.453906 0.388426 0.018229 0.056481
1 0.440625 0.472685 0.011458 0.049074
1 0.530729 0.807407 0.019792 0.055556
1 0.649479 0.509259 0.017708 0.053704
1 0.690625 0.514815 0.021875 0.048148
1 0.771615 0.485185 0.011979 0.059259
1 0.691667 0.374074 0.015625 0.046296
1 0.483073 0.290741 0.013021 0.050000
1 0.573177 0.278241 0.022396 0.043519
1 0.867708 0.294444 0.013542 0.050000
1 0.548958 0.116667 0.010417 0.044444
1 0.671875 0.096296 0.015625 0.046296
1 0.740885 0.145833 0.013021 0.041667
1 0.908854 0.076389 0.017708 0.049074
