1 0.135937 0.441204 0.010417 0.052778
1 0.251823 0.474074 0.013021 0.053704
1 0.272917 0.494444 0.015625 0.055556
1 0.287500 0.453241 0.015625 0.052778
1 0.364063 0.459259 0.014583 0.057407
1 0.351042 0.424074 0.009375 0.046296
1 0.418490 0.640741 0.017188 0.066667
1 0.407031 0.421759 0.008854 0.049074
1 0.441927 0.434722 0.010937 0.049074
1 0.445573 0.413426 0.011979 0.050926
1 0.420312 0.393056 0.009375 0.045370
1 0.402865 0.393519 0.010937 0.050000
1 0.393750 0.384722 0.008333 0.045370
1 0.372656 0.367593 0.011979 0.046296
1 0.367448 0.334722 0.009896 0.041667
1 0.520573 0.432407 0.009896 0.051852
1 0.663281 0.473148 0.011979 0.059259
1 0.767448 0.468981 0.014063 0.054630
1 0.816146 0.419444 0.016667 0.055556
1 0.834635 0.421296 0.011979 0.050000
1 0.916927 0.485648 0.017188 0.058333
1 0.460938 0.283333 0.008333 0.040741
