0 0.144271 0.345370 0.010417 0.046296
0 0.336458 0.286574 0.008333 0.034259
0 0.268490 0.495833 0.010937 0.047222
0 0.293490 0.506019 0.010937 0.041667
0 0.364063 0.735648 0.017708 0.056481
0 0.416667 0.669907 0.017708 0.049074
0 0.594271 0.454167 0.008333 0.039815
0 0.560937 0.556019 0.014583 0.041667
0 0.607292 0.569444 0.011458 0.040741
0 0.645833 0.469444 0.010417 0.044444
0 0.614583 0.451389 0.010417 0.043519
0 0.542188 0.303704 0.008333 0.037037
0 0.514844 0.349537 0.009896 0.039815
0 0.696094 0.370370 0.007812 0.040741
0 0.465365 0.274074 0.006771 0.035185
0 0.529167 0.215741 0.008333 0.033333
0 0.722917 0.655556 0.015625 0.046296
0 0.763542 0.496759 0.009375 0.049074
0 0.770312 0.362963 0.008333 0.042593
0 0.769792 0.275000 0.007292 0.042593
0 0.760417 0.197685 0.007292 0.036111
1 0.359115 0.736111 0.004687 0.007407
0 0.448698 0.380093 0.008854 0.039815
