1 0.856510 0.521759 0.014063 0.054630
1 0.104167 0.608333 0.010417 0.044444
1 0.215365 0.687037 0.016146 0.051852
1 0.382292 0.617130 0.011458 0.043519
1 0.438021 0.719444 0.013542 0.053704
1 0.474479 0.593056 0.015625 0.041667
1 0.427344 0.540741 0.013021 0.037037
1 0.339583 0.509722 0.012500 0.043519
1 0.276562 0.546759 0.013542 0.041667
1 0.227083 0.476389 0.008333 0.039815
1 0.164323 0.492130 0.013021 0.039815
1 0.181250 0.404167 0.006250 0.037963
1 0.270573 0.411111 0.014063 0.035185
1 0.358333 0.444907 0.009375 0.041667
1 0.422656 0.409722 0.011979 0.037963
1 0.450521 0.453241 0.013542 0.039815
1 0.487500 0.494444 0.011458 0.040741
1 0.616406 0.473148 0.015104 0.040741
1 0.613802 0.412963 0.014063 0.040741
1 0.490365 0.419907 0.011979 0.034259
1 0.502344 0.418056 0.011979 0.037963
1 0.564323 0.315278 0.006771 0.036111
