0 0.277604 0.369444 0.022917 0.085185
0 0.415625 0.386111 0.020833 0.085185
0 0.471094 0.368981 0.027604 0.080556
0 0.450260 0.451389 0.022396 0.084259
0 0.600521 0.358333 0.018750 0.083333
0 0.596094 0.422685 0.021354 0.075000
0 0.685417 0.443519 0.021875 0.090741
0 0.762240 0.548148 0.024479 0.112963
0 0.838281 0.496759 0.022396 0.093519
0 0.931510 0.471296 0.022396 0.092593
0 0.951823 0.377778 0.035937 0.088889
0 0.446094 0.762963 0.028646 0.133333
0 0.985677 0.809722 0.025521 0.141667
1 0.432552 0.418981 0.007812 0.013889
