1 0.246875 0.532870 0.012500 0.041667
1 0.183594 0.251852 0.007812 0.038889
1 0.244792 0.418056 0.010417 0.045370
1 0.423698 0.338426 0.009896 0.047222
1 0.482292 0.330093 0.010417 0.039815
1 0.377083 0.551852 0.012500 0.050000
1 0.487500 0.417593 0.010417 0.042593
1 0.563542 0.480093 0.012500 0.050926
1 0.539323 0.382870 0.013021 0.028704
1 0.579427 0.368519 0.011979 0.040741
1 0.693490 0.255556 0.008854 0.038889
1 0.747396 0.371296 0.009375 0.042593
1 0.746354 0.510185 0.010417 0.040741
1 0.785156 0.309722 0.010937 0.039815
1 0.283854 0.126389 0.008333 0.036111
1 0.321875 0.154167 0.009375 0.039815
1 0.453385 0.119907 0.007812 0.034259
1 0.458854 0.139352 0.007292 0.041667
1 0.533854 0.106481 0.008333 0.037037
1 0.556771 0.190741 0.009375 0.037037
1 0.885156 0.500463 0.018229 0.050926
1 0.991667 0.329167 0.009375 0.047222
