0 0.150000 0.268056 0.016667 0.058333
0 0.267969 0.285648 0.016146 0.052778
0 0.266406 0.174537 0.018229 0.043519
0 0.267448 0.346296 0.014063 0.050000
0 0.297135 0.318056 0.015104 0.050926
0 0.324219 0.198611 0.018229 0.039815
0 0.359375 0.237963 0.009375 0.050000
0 0.342187 0.172685 0.013542 0.045370
0 0.377083 0.208796 0.016667 0.043519
0 0.399219 0.156481 0.018229 0.040741
0 0.316406 0.439352 0.022396 0.049074
0 0.423698 0.362963 0.016146 0.048148
0 0.440885 0.293519 0.019271 0.042593
0 0.427604 0.249537 0.012500 0.049074
0 0.516146 0.526852 0.015625 0.053704
0 0.529948 0.283333 0.013021 0.044444
0 0.575260 0.208333 0.013021 0.048148
0 0.705990 0.174537 0.011979 0.049074
0 0.756510 0.296759 0.014063 0.052778
0 0.858333 0.312037 0.010417 0.055556
0 0.909635 0.289815 0.016146 0.053704
0 0.934375 0.395370 0.021875 0.057407
