0 0.150781 0.693519 0.016146 0.066667
0 0.149219 0.554167 0.017188 0.054630
0 0.183594 0.402315 0.013021 0.062037
0 0.296354 0.432870 0.012500 0.056481
0 0.328906 0.339352 0.010937 0.054630
0 0.242188 0.225926 0.014583 0.050000
0 0.384375 0.157407 0.013542 0.042593
0 0.409896 0.138889 0.011458 0.040741
0 0.470833 0.131481 0.014583 0.033333
0 0.480729 0.123148 0.014583 0.037037
0 0.412760 0.381481 0.011979 0.051852
0 0.303646 0.621296 0.019792 0.064815
0 0.502344 0.437963 0.025521 0.053704
0 0.554948 0.481481 0.015104 0.057407
0 0.621875 0.295370 0.013542 0.046296
0 0.523438 0.261111 0.015625 0.046296
1 0.505469 0.230556 0.003646 0.007407
0 0.562240 0.145370 0.008854 0.046296
0 0.652344 0.157870 0.007812 0.045370
0 0.581510 0.794907 0.018229 0.067593
0 0.891927 0.474074 0.016146 0.064815
0 0.849219 0.251389 0.009896 0.050926
