0 0.192708 0.427778 0.025000 0.075926
1 0.207813 0.464815 0.005208 0.012963
0 0.271615 0.411574 0.041146 0.063889
0 0.355208 0.551389 0.044792 0.095370
0 0.483333 0.484722 0.018750 0.089815
0 0.748958 0.539815 0.026042 0.092593
0 0.686979 0.452778 0.020833 0.087037
0 0.710417 0.421296 0.034375 0.079630
0 0.694271 0.390278 0.016667 0.080556
0 0.822135 0.517130 0.025521 0.099074
0 0.788281 0.451389 0.019271 0.087963
0 0.857552 0.712963 0.031771 0.118519
0 0.931250 0.436574 0.033333 0.095370
0 0.947396 0.395370 0.022917 0.081481
