0 0.130729 0.570833 0.012500 0.075000
0 0.124479 0.365741 0.013542 0.055556
0 0.233333 0.343981 0.016667 0.052778
0 0.254948 0.493519 0.015104 0.059259
0 0.327865 0.430556 0.010937 0.059259
0 0.403646 0.452778 0.011458 0.062963
0 0.362500 0.594444 0.012500 0.064815
0 0.493750 0.545833 0.012500 0.062037
0 0.598177 0.553704 0.013021 0.059259
0 0.617969 0.628704 0.016146 0.062963
0 0.703906 0.728241 0.017188 0.075000
0 0.766667 0.653704 0.012500 0.066667
0 0.720573 0.491204 0.009896 0.067593
0 0.506510 0.327315 0.011979 0.058333
0 0.578646 0.380556 0.011458 0.057407
0 0.662500 0.336111 0.010417 0.059259
0 0.648438 0.261574 0.013542 0.054630
0 0.629687 0.223148 0.009375 0.051852
0 0.414323 0.229167 0.009896 0.054630
0 0.472917 0.111111 0.008333 0.044444
0 0.471354 0.444444 0.013542 0.062963
