0 0.142969 0.370833 0.019271 0.041667
0 0.188542 0.469444 0.016667 0.053704
0 0.227865 0.414352 0.013021 0.050926
0 0.274219 0.398148 0.009896 0.059259
0 0.280729 0.391667 0.007292 0.046296
0 0.276042 0.331944 0.018750 0.041667
0 0.292448 0.307407 0.015104 0.038889
1 0.169531 0.359722 0.004687 0.008333
0 0.332552 0.369907 0.009896 0.054630
0 0.346354 0.422222 0.010417 0.055556
0 0.384375 0.357870 0.011458 0.052778
0 0.415885 0.398148 0.017188 0.048148
0 0.446615 0.516204 0.021354 0.050926
0 0.479167 0.494444 0.011458 0.048148
0 0.511979 0.508333 0.013542 0.053704
0 0.561198 0.487500 0.014063 0.056481
0 0.459635 0.656481 0.015104 0.059259
0 0.314583 0.596296 0.012500 0.059259
0 0.602344 0.409259 0.010937 0.053704
0 0.582552 0.260185 0.006771 0.048148
0 0.657813 0.275926 0.014583 0.044444
0 0.792969 0.570833 0.036979 0.056481
0 0.797135 0.404630 0.009896 0.059259
