0 0.023177 0.422222 0.045312 0.101852
0 0.198437 0.247222 0.018750 0.074074
0 0.315625 0.306019 0.031250 0.076852
0 0.441927 0.198611 0.024479 0.073148
0 0.379167 0.495833 0.028125 0.110185
0 0.441927 0.554167 0.023438 0.110185
0 0.632031 0.411574 0.024479 0.093519
0 0.678646 0.463889 0.033333 0.101852
0 0.617708 0.336574 0.019792 0.069444
0 0.700781 0.319444 0.022396 0.094444
0 0.722656 0.282870 0.033854 0.084259
0 0.577083 0.857870 0.030208 0.147222
0 0.870052 0.398148 0.022396 0.090741
0 0.940365 0.388426 0.029687 0.084259
0 0.942969 0.201852 0.026562 0.092593
1 0.423698 0.231944 0.007812 0.013889
