0 0.128906 0.482407 0.011979 0.064815
0 0.369531 0.319444 0.017188 0.051852
0 0.370052 0.264815 0.021354 0.050000
0 0.346615 0.157870 0.007812 0.049074
0 0.401042 0.146759 0.017708 0.047222
0 0.449479 0.215741 0.014583 0.051852
0 0.495833 0.126389 0.012500 0.041667
0 0.550000 0.148148 0.016667 0.042593
0 0.471875 0.366667 0.014583 0.053704
0 0.521094 0.377315 0.010937 0.058333
0 0.629687 0.265278 0.014583 0.052778
0 0.620573 0.217130 0.008854 0.049074
0 0.739062 0.211111 0.015625 0.057407
0 0.726823 0.131019 0.010937 0.050926
0 0.713802 0.094444 0.010937 0.046296
0 0.601562 0.557407 0.021875 0.059259
0 0.651042 0.349537 0.010417 0.052778
0 0.710938 0.540741 0.015625 0.064815
0 0.793490 0.325463 0.016146 0.062037
0 0.469010 0.885648 0.014063 0.071296
0 0.443490 0.576852 0.019271 0.066667
1 0.502083 0.143056 0.004167 0.008333
