0 0.057031 0.329630 0.014063 0.053704
0 0.401823 0.470370 0.009896 0.050000
0 0.447135 0.464815 0.010937 0.044444
0 0.467708 0.567130 0.013542 0.054630
0 0.308333 0.480556 0.012500 0.051852
0 0.271615 0.497222 0.017188 0.050000
0 0.296094 0.399537 0.009896 0.049074
0 0.356771 0.332407 0.014583 0.046296
0 0.410156 0.381019 0.009896 0.043519
0 0.530729 0.339815 0.011458 0.044444
0 0.388281 0.217593 0.011979 0.040741
0 0.576823 0.329167 0.007812 0.049074
0 0.578125 0.264815 0.009375 0.044444
0 0.531510 0.149537 0.013021 0.039815
0 0.659115 0.275463 0.008854 0.045370
0 0.561719 0.425000 0.009896 0.046296
0 0.685937 0.457407 0.009375 0.048148
0 0.546354 0.545370 0.006250 0.011111
0 0.312240 0.648148 0.015104 0.055556
0 0.452083 0.760648 0.014583 0.062037
0 0.850521 0.471759 0.010417 0.054630
0 0.791667 0.358796 0.009375 0.043519
0 0.829427 0.312037 0.007812 0.048148
