0 0.204167 0.403704 0.010417 0.053704
0 0.263021 0.298148 0.011458 0.046296
0 0.365885 0.275000 0.013021 0.044444
0 0.280729 0.489352 0.012500 0.052778
0 0.320052 0.448611 0.008854 0.052778
0 0.370312 0.425000 0.010417 0.051852
0 0.371875 0.411574 0.007292 0.045370
0 0.376042 0.599537 0.015625 0.054630
0 0.424740 0.315278 0.010937 0.045370
0 0.499219 0.443981 0.015104 0.049074
0 0.527865 0.466204 0.010937 0.047222
0 0.569271 0.573148 0.016667 0.042593
0 0.299479 0.194907 0.007292 0.041667
0 0.372396 0.161111 0.008333 0.042593
0 0.523177 0.212037 0.011979 0.044444
0 0.620833 0.190741 0.008333 0.044444
0 0.629167 0.366204 0.011458 0.045370
0 0.645833 0.350000 0.013542 0.046296
0 0.796875 0.267593 0.013542 0.048148
0 0.866406 0.478241 0.015104 0.058333
1 0.639323 0.497685 0.004687 0.008333
