0 0.056250 0.339815 0.013542 0.061111
0 0.250000 0.405556 0.014583 0.059259
0 0.294271 0.549074 0.013542 0.057407
0 0.370312 0.498611 0.010417 0.062037
0 0.385677 0.214815 0.011979 0.048148
0 0.424740 0.243519 0.013021 0.050000
0 0.483854 0.305093 0.013542 0.049074
0 0.462760 0.375926 0.014063 0.051852
0 0.579167 0.364815 0.010417 0.051852
0 0.509375 0.206019 0.018750 0.043519
1 0.512760 0.227778 0.004687 0.009259
0 0.527604 0.182870 0.012500 0.045370
0 0.573177 0.237500 0.011979 0.050926
0 0.602865 0.206481 0.008854 0.046296
0 0.617188 0.200463 0.014583 0.039815
0 0.638281 0.314352 0.011979 0.050926
0 0.653906 0.272222 0.009896 0.050000
0 0.639323 0.143981 0.013021 0.039815
0 0.728646 0.176389 0.012500 0.045370
0 0.690365 0.418056 0.014063 0.058333
0 0.724219 0.356944 0.014063 0.049074
0 0.757292 0.480556 0.010417 0.061111
0 0.898698 0.352315 0.011979 0.060185
