0 0.142448 0.354630 0.015104 0.042593
0 0.217188 0.463889 0.013542 0.051852
0 0.145833 0.564352 0.016667 0.062037
0 0.278125 0.403241 0.015625 0.041667
0 0.285417 0.453704 0.020833 0.057407
0 0.313281 0.456944 0.017188 0.050926
0 0.305990 0.447685 0.017188 0.050926
1 0.322135 0.454630 0.003646 0.011111
0 0.332813 0.620833 0.013542 0.060185
0 0.417708 0.543519 0.012500 0.057407
0 0.340885 0.297222 0.010937 0.046296
0 0.366146 0.306944 0.012500 0.049074
0 0.410938 0.365278 0.009375 0.050926
0 0.418490 0.310648 0.016146 0.049074
0 0.471094 0.696296 0.017188 0.066667
0 0.510156 0.516204 0.011979 0.056481
0 0.536719 0.536111 0.017188 0.055556
0 0.545573 0.505556 0.013021 0.057407
0 0.637760 0.397685 0.008854 0.054630
0 0.576823 0.252315 0.009896 0.049074
0 0.723958 0.271296 0.013542 0.048148
0 0.803906 0.405556 0.017188 0.055556
0 0.858333 0.575000 0.016667 0.066667
