0 0.101562 0.343519 0.011458 0.051852
1 0.128125 0.362037 0.004167 0.007407
0 0.213281 0.263889 0.008854 0.038889
0 0.130469 0.462500 0.009896 0.052778
0 0.290104 0.396759 0.009375 0.045370
0 0.348698 0.278241 0.008854 0.043519
0 0.407292 0.412500 0.009375 0.047222
0 0.423177 0.194907 0.007812 0.037963
0 0.526302 0.272685 0.011979 0.043519
0 0.549740 0.316667 0.006771 0.044444
0 0.615104 0.396759 0.010417 0.045370
0 0.552083 0.453241 0.012500 0.047222
0 0.496875 0.494444 0.011458 0.050000
0 0.700260 0.384722 0.008854 0.045370
0 0.642969 0.239815 0.010937 0.040741
0 0.722135 0.265741 0.011979 0.042593
0 0.744792 0.345833 0.006250 0.043519
0 0.674219 0.593981 0.016146 0.054630
0 0.787760 0.684722 0.014063 0.054630
0 0.853385 0.457870 0.013021 0.056481
0 0.844792 0.298148 0.008333 0.048148
0 0.322656 0.774537 0.010937 0.056481
0 0.367708 0.590278 0.010417 0.052778
