1 0.431510 0.651852 0.008854 0.016667
0 0.433073 0.611111 0.025521 0.109259
0 0.529167 0.614352 0.048958 0.110185
0 0.521354 0.521759 0.022917 0.106481
0 0.376302 0.500926 0.025521 0.101852
0 0.315885 0.502315 0.033854 0.095370
0 0.126562 0.611574 0.031250 0.119444
0 0.178125 0.341667 0.022917 0.092593
0 0.411979 0.384722 0.020833 0.093519
0 0.453385 0.346296 0.020313 0.094444
0 0.512500 0.381019 0.015625 0.091667
0 0.511719 0.343056 0.019271 0.080556
0 0.647396 0.357407 0.018750 0.092593
0 0.684896 0.543519 0.019792 0.100000
0 0.754167 0.449537 0.021875 0.106481
0 0.741146 0.978241 0.061458 0.043519
0 0.836198 0.368519 0.021354 0.098148
