0 0.164323 0.522685 0.029687 0.086111
0 0.173177 0.480556 0.027604 0.085185
0 0.250781 0.546759 0.026562 0.093519
0 0.292969 0.404167 0.019271 0.075000
1 0.432552 0.358796 0.006771 0.013889
0 0.452865 0.323611 0.020313 0.073148
0 0.525781 0.534259 0.025521 0.092593
0 0.522917 0.407407 0.025000 0.068519
0 0.623698 0.343519 0.023438 0.070370
0 0.711458 0.402315 0.019792 0.084259
0 0.775521 0.543519 0.016667 0.100000
0 0.842187 0.541204 0.038542 0.089815
0 0.839583 0.481944 0.021875 0.086111
0 0.822396 0.475926 0.029167 0.081481
0 0.865104 0.298148 0.015625 0.075926
0 0.503906 0.929167 0.029687 0.136111
0 0.570573 0.197685 0.018229 0.067593
