0 0.077344 0.421296 0.028646 0.103704
0 0.114844 0.516667 0.030729 0.118519
0 0.102344 0.371296 0.022396 0.096296
0 0.320573 0.291204 0.031771 0.089815
0 0.322396 0.433333 0.036458 0.100000
0 0.396094 0.333333 0.044271 0.085185
0 0.466406 0.514815 0.020313 0.118519
0 0.432292 0.460185 0.021875 0.105556
0 0.549219 0.384259 0.025521 0.105556
0 0.619271 0.459722 0.028125 0.100926
0 0.646615 0.422685 0.028646 0.093519
0 0.772135 0.339352 0.019271 0.095370
0 0.655469 0.219444 0.018229 0.092593
0 0.582292 0.110648 0.015625 0.078704
0 0.924740 0.525926 0.030729 0.116667
0 0.978125 0.429167 0.022917 0.110185
