0 0.044010 0.548148 0.021354 0.101852
0 0.085677 0.543519 0.035937 0.109259
0 0.204427 0.501852 0.025521 0.101852
0 0.340885 0.404167 0.020313 0.086111
0 0.059375 0.333796 0.017708 0.087963
0 0.250260 0.079167 0.013021 0.054630
0 0.427865 0.147685 0.015104 0.071296
0 0.459896 0.132870 0.015625 0.071296
0 0.376823 0.495370 0.025521 0.098148
0 0.376302 0.479630 0.030729 0.087037
0 0.269792 0.711574 0.026042 0.121296
0 0.573438 0.365741 0.017708 0.092593
0 0.595052 0.426852 0.023438 0.101852
0 0.655729 0.354167 0.021875 0.089815
0 0.784115 0.410648 0.018229 0.087963
0 0.784635 0.398148 0.017188 0.087037
0 0.807552 0.365278 0.019271 0.078704
0 0.870833 0.328241 0.022917 0.086111
1 0.850781 0.347685 0.007812 0.013889
0 0.550781 0.294907 0.021354 0.080556
0 0.530469 0.243981 0.014063 0.084259
