0 0.209115 0.491667 0.020313 0.096296
0 0.359115 0.637500 0.023438 0.112037
0 0.441146 0.782407 0.032292 0.118519
0 0.443229 0.714352 0.022917 0.108333
0 0.477344 0.570370 0.024479 0.092593
0 0.476562 0.542593 0.029167 0.090741
0 0.447135 0.484259 0.017188 0.098148
0 0.563021 0.238426 0.021875 0.084259
0 0.714063 0.268056 0.029167 0.076852
0 0.937240 0.157870 0.023438 0.063889
0 0.842708 0.407407 0.032292 0.088889
0 0.871875 0.429167 0.016667 0.097222
0 0.844792 0.527778 0.029167 0.107407
0 0.789062 0.712500 0.023958 0.126852
0 0.806510 0.662500 0.025521 0.115741
0 0.524740 0.641204 0.020313 0.119444
0 0.601302 0.727315 0.023438 0.121296
1 0.929688 0.300463 0.008333 0.012037
0 0.628385 0.074074 0.015104 0.064815
0 0.120833 0.195370 0.014583 0.075926
0 0.269271 0.243056 0.020833 0.078704
0 0.336198 0.074537 0.020313 0.063889
