1 0.460938 0.359722 0.008333 0.013889
0 0.376563 0.364352 0.015625 0.082407
0 0.376823 0.452778 0.027604 0.090741
0 0.460417 0.483796 0.017708 0.095370
0 0.499479 0.526389 0.021875 0.100926
0 0.601042 0.450463 0.028125 0.082407
0 0.719531 0.489815 0.019271 0.092593
0 0.536979 0.274537 0.015625 0.080556
0 0.467448 0.184722 0.018229 0.069444
0 0.825781 0.542593 0.026562 0.109259
0 0.796094 0.414815 0.018229 0.088889
0 0.904948 0.476389 0.019271 0.097222
0 0.160677 0.513889 0.017188 0.101852
0 0.146615 0.418056 0.022396 0.089815
0 0.058333 0.357870 0.022917 0.078704
0 0.480729 0.935648 0.032292 0.125000
