0 0.197917 0.549537 0.011458 0.052778
0 0.204948 0.438426 0.015104 0.054630
0 0.266667 0.341667 0.014583 0.046296
0 0.364583 0.403704 0.012500 0.042593
0 0.331510 0.535185 0.013021 0.053704
0 0.375521 0.443056 0.007292 0.050926
0 0.379427 0.383796 0.010937 0.047222
0 0.345052 0.232870 0.011979 0.043519
0 0.367708 0.593519 0.013542 0.055556
0 0.471354 0.418056 0.009375 0.043519
0 0.432812 0.321296 0.009375 0.046296
0 0.458594 0.175463 0.011979 0.039815
0 0.497396 0.216667 0.011458 0.040741
0 0.485938 0.298611 0.016667 0.049074
0 0.579948 0.371759 0.009896 0.045370
1 0.573958 0.386574 0.006250 0.010185
0 0.641406 0.347685 0.010937 0.043519
0 0.671094 0.238426 0.010937 0.039815
0 0.790104 0.349074 0.010417 0.048148
0 0.837760 0.465278 0.011979 0.050926
0 0.772917 0.531944 0.015625 0.058333
0 0.592448 0.725000 0.013021 0.062963
