0 0.146615 0.535185 0.011979 0.050000
0 0.178906 0.431944 0.009896 0.043519
0 0.136198 0.401852 0.009896 0.046296
0 0.222917 0.309259 0.010417 0.038889
0 0.219792 0.290741 0.014583 0.033333
0 0.421094 0.685648 0.015104 0.050926
0 0.422396 0.645833 0.015625 0.049074
0 0.464323 0.552778 0.007812 0.044444
0 0.463542 0.531944 0.009375 0.039815
0 0.659635 0.351852 0.008854 0.038889
0 0.673958 0.353241 0.008333 0.045370
0 0.555729 0.378704 0.012500 0.042593
0 0.629167 0.299537 0.011458 0.036111
0 0.578125 0.283796 0.012500 0.036111
1 0.618750 0.310185 0.004167 0.007407
0 0.317188 0.501852 0.011458 0.048148
0 0.428646 0.460185 0.010417 0.042593
0 0.445052 0.347222 0.008854 0.040741
0 0.483594 0.352778 0.015104 0.044444
0 0.815625 0.507870 0.017708 0.058333
0 0.640365 0.484722 0.010937 0.045370
0 0.730208 0.619444 0.012500 0.051852
