0 0.172917 0.531019 0.017708 0.065741
0 0.191927 0.541667 0.022396 0.068519
0 0.207813 0.487037 0.025000 0.075926
0 0.267708 0.524537 0.023958 0.080556
0 0.242188 0.442593 0.019792 0.070370
0 0.271354 0.416667 0.021875 0.072222
0 0.381510 0.522685 0.018229 0.075000
0 0.430729 0.575463 0.022917 0.069444
0 0.449219 0.742593 0.027604 0.092593
0 0.423698 0.458333 0.020313 0.070370
0 0.396615 0.297685 0.017188 0.060185
0 0.468490 0.266667 0.011979 0.057407
0 0.514844 0.343981 0.014063 0.065741
0 0.561719 0.312037 0.016146 0.061111
0 0.578125 0.277778 0.017708 0.057407
0 0.590104 0.343056 0.013542 0.056481
0 0.655990 0.425463 0.018229 0.071296
0 0.702604 0.454630 0.015625 0.072222
0 0.794271 0.342130 0.015625 0.069444
0 0.879167 0.341204 0.015625 0.063889
0 0.906510 0.566204 0.020313 0.087963
1 0.569010 0.628241 0.007812 0.013889
