1 0.393490 0.218981 0.005729 0.010185
0 0.255208 0.337500 0.019792 0.054630
0 0.227344 0.461111 0.018229 0.057407
0 0.319531 0.446759 0.016146 0.063889
0 0.301823 0.323611 0.015104 0.054630
0 0.333854 0.288426 0.015625 0.054630
0 0.348698 0.177778 0.017188 0.044444
0 0.450521 0.105556 0.012500 0.048148
0 0.400521 0.327315 0.017708 0.052778
0 0.477344 0.284722 0.016146 0.054630
0 0.525781 0.296759 0.022396 0.050926
0 0.417448 0.457870 0.015104 0.058333
0 0.496875 0.442130 0.014583 0.056481
0 0.386979 0.627315 0.020833 0.069444
0 0.611719 0.693519 0.016146 0.072222
0 0.576823 0.425463 0.015104 0.058333
0 0.643229 0.377778 0.010417 0.064815
0 0.712760 0.374074 0.014063 0.061111
0 0.610938 0.247222 0.013542 0.057407
0 0.638021 0.231481 0.011458 0.055556
0 0.829948 0.331481 0.013021 0.062963
0 0.928385 0.519907 0.017188 0.073148
