0 0.039323 0.733333 0.038021 0.111111
0 0.169531 0.877778 0.028646 0.125926
0 0.145052 0.481944 0.021354 0.091667
0 0.221875 0.264815 0.016667 0.070370
0 0.227344 0.241667 0.030729 0.062963
0 0.349479 0.242593 0.022917 0.074074
0 0.478646 0.350463 0.022917 0.076852
0 0.506250 0.404167 0.023958 0.071296
0 0.468490 0.570833 0.025521 0.093519
0 0.495573 0.193519 0.019271 0.059259
0 0.470573 0.206944 0.024479 0.062037
0 0.423698 0.265741 0.024479 0.064815
0 0.464323 0.277315 0.014063 0.067593
0 0.686458 0.271759 0.022917 0.063889
0 0.767448 0.308333 0.027604 0.072222
0 0.764844 0.409259 0.028646 0.079630
0 0.885417 0.625463 0.031250 0.099074
0 0.911719 0.236574 0.013021 0.075000
1 0.669010 0.302315 0.005729 0.012037
