0 0.066146 0.530093 0.019792 0.076852
0 0.290625 0.664352 0.017708 0.086111
0 0.337760 0.460648 0.018229 0.062037
0 0.326823 0.445833 0.009896 0.065741
0 0.295312 0.385185 0.017708 0.059259
0 0.308594 0.331019 0.011979 0.058333
0 0.320052 0.326389 0.016146 0.060185
0 0.548698 0.534722 0.017188 0.069444
0 0.404687 0.737500 0.023958 0.091667
0 0.536719 0.439352 0.011979 0.071296
0 0.600000 0.372222 0.013542 0.059259
0 0.681510 0.551852 0.021354 0.077778
0 0.650260 0.518056 0.018229 0.084259
0 0.721094 0.507407 0.016146 0.064815
0 0.714323 0.475000 0.013021 0.059259
0 0.722917 0.416667 0.011458 0.057407
0 0.816406 0.550463 0.029687 0.067593
0 0.827083 0.662963 0.021875 0.092593
0 0.247135 0.935185 0.027604 0.124074
1 0.685156 0.500926 0.005729 0.011111
