0 0.338802 0.658333 0.020313 0.111111
0 0.354687 0.642593 0.022917 0.107407
0 0.415365 0.613889 0.023438 0.101852
0 0.436458 0.704630 0.033333 0.088889
0 0.503646 0.762037 0.036458 0.120370
0 0.501302 0.726852 0.016146 0.114815
0 0.479948 0.611111 0.022396 0.100000
0 0.503646 0.481944 0.022917 0.091667
0 0.493490 0.449537 0.018229 0.095370
0 0.382812 0.391204 0.021875 0.087963
0 0.392708 0.300926 0.020833 0.081481
0 0.491406 0.250926 0.016146 0.081481
1 0.749479 0.806019 0.010417 0.017593
0 0.636458 0.748611 0.027083 0.115741
0 0.619010 0.731019 0.025521 0.115741
0 0.773438 0.539352 0.025000 0.100926
0 0.612240 0.556481 0.021354 0.101852
0 0.594792 0.427778 0.019792 0.094444
0 0.905990 0.530093 0.025521 0.093519
0 0.810156 0.517130 0.032813 0.093519
0 0.873437 0.289352 0.019792 0.082407
0 0.614062 0.214352 0.016667 0.076852
