0 0.700000 0.866667 0.032292 0.135185
0 0.814323 0.507407 0.023438 0.094444
0 0.794271 0.375926 0.017708 0.081481
0 0.847917 0.307407 0.016667 0.064815
0 0.889062 0.276852 0.016667 0.074074
0 0.903646 0.212037 0.016667 0.061111
0 0.667188 0.324074 0.012500 0.074074
0 0.359635 0.434722 0.021354 0.075000
0 0.389062 0.414815 0.022917 0.070370
0 0.534375 0.387500 0.016667 0.065741
0 0.576823 0.295370 0.020313 0.070370
0 0.348438 0.362037 0.032292 0.064815
0 0.331771 0.328704 0.019792 0.064815
0 0.371875 0.351389 0.022917 0.058333
1 0.391146 0.349537 0.007292 0.012037
0 0.400260 0.315278 0.017188 0.056481
0 0.408594 0.302778 0.016146 0.055556
0 0.344531 0.270833 0.016146 0.065741
0 0.367969 0.223148 0.011979 0.055556
0 0.503906 0.237500 0.013021 0.063889
0 0.522396 0.210185 0.011458 0.062963
