0 0.008333 0.334259 0.015625 0.083333
0 0.072917 0.361111 0.019792 0.075926
0 0.142969 0.385648 0.018229 0.078704
0 0.175000 0.242130 0.017708 0.065741
1 0.183333 0.272685 0.005208 0.010185
0 0.329948 0.331944 0.021354 0.080556
0 0.346615 0.537037 0.027604 0.096296
0 0.358854 0.520833 0.031250 0.089815
0 0.404427 0.331944 0.024479 0.080556
0 0.461979 0.418981 0.022917 0.086111
0 0.585677 0.427778 0.011979 0.077778
0 0.630208 0.326852 0.022917 0.074074
0 0.598958 0.239815 0.017708 0.072222
0 0.448437 0.201389 0.018750 0.069444
0 0.309375 0.914815 0.043750 0.146296
0 0.748698 0.498611 0.026562 0.095370
0 0.730208 0.402778 0.023958 0.085185
