1 0.321875 0.399537 0.006250 0.012037
0 0.273438 0.406019 0.016667 0.082407
0 0.308594 0.368981 0.015104 0.075000
0 0.255990 0.317130 0.019271 0.076852
0 0.340365 0.341204 0.023438 0.071296
0 0.406510 0.287963 0.019271 0.070370
0 0.391406 0.265278 0.023438 0.069444
0 0.453646 0.288426 0.016667 0.065741
0 0.527865 0.312963 0.019271 0.072222
0 0.557292 0.381481 0.015625 0.081481
0 0.630990 0.303241 0.015104 0.076852
0 0.598698 0.243981 0.013021 0.069444
0 0.788802 0.255093 0.013021 0.071296
0 0.882292 0.264352 0.009375 0.075000
0 0.626042 0.493056 0.015625 0.089815
0 0.699479 0.400926 0.014583 0.075926
0 0.690104 0.594444 0.015625 0.098148
0 0.638021 0.845833 0.022917 0.130556
