0 0.133073 0.482870 0.025521 0.112037
0 0.136458 0.347685 0.016667 0.093519
0 0.160417 0.286111 0.021875 0.081481
0 0.165625 0.215741 0.015625 0.062963
0 0.398438 0.190278 0.022917 0.087963
0 0.471354 0.392130 0.027083 0.108333
0 0.521094 0.283796 0.025521 0.073148
0 0.555990 0.260648 0.029687 0.086111
0 0.688802 0.432870 0.024479 0.086111
0 0.721094 0.398148 0.044271 0.077778
0 0.737760 0.318519 0.025521 0.085185
0 0.843490 0.306481 0.021354 0.083333
1 0.823958 0.328241 0.007292 0.015741
0 0.444010 0.164352 0.014063 0.078704
