0 0.647917 0.369444 0.009375 0.048148
0 0.681250 0.202315 0.014583 0.043519
0 0.691667 0.368981 0.009375 0.043519
0 0.729427 0.348148 0.010937 0.050000
0 0.740365 0.281944 0.008854 0.052778
0 0.869531 0.285185 0.010937 0.042593
0 0.869792 0.271759 0.009375 0.043519
0 0.847135 0.187963 0.015104 0.048148
0 0.887760 0.159722 0.008854 0.045370
0 0.855469 0.388889 0.013021 0.059259
0 0.781771 0.517593 0.014583 0.046296
0 0.861979 0.561574 0.013542 0.060185
0 0.479427 0.782870 0.014063 0.067593
0 0.361458 0.184722 0.014583 0.045370
0 0.446094 0.181481 0.007812 0.044444
0 0.509896 0.159259 0.016667 0.042593
0 0.423698 0.302315 0.009896 0.047222
0 0.532292 0.270370 0.009375 0.044444
0 0.471094 0.472222 0.009896 0.046296
1 0.192188 0.269444 0.005208 0.007407
0 0.182812 0.246759 0.012500 0.049074
0 0.165625 0.396759 0.015625 0.060185
