0 0.662240 0.287963 0.020313 0.079630
0 0.607031 0.312500 0.020313 0.078704
0 0.459635 0.397685 0.033854 0.087963
0 0.542969 0.400000 0.028646 0.079630
0 0.624479 0.408333 0.033333 0.079630
0 0.444531 0.610648 0.031771 0.113889
0 0.510156 0.617593 0.023438 0.120370
0 0.517188 0.511111 0.039583 0.098148
0 0.136719 0.625000 0.022396 0.118519
0 0.143490 0.684722 0.030729 0.130556
0 0.187760 0.525926 0.038021 0.109259
0 0.193229 0.557870 0.030208 0.110185
0 0.299219 0.462500 0.035937 0.104630
0 0.533333 0.778241 0.025000 0.123148
0 0.626823 0.858333 0.025521 0.153704
0 0.756250 0.412500 0.021875 0.093519
0 0.766667 0.468056 0.026042 0.108333
0 0.868490 0.412963 0.036979 0.098148
