0 0.082552 0.518056 0.019271 0.054630
0 0.182552 0.278241 0.016146 0.052778
0 0.245573 0.300000 0.011979 0.038889
0 0.339844 0.372685 0.013021 0.049074
0 0.387760 0.279630 0.011979 0.042593
0 0.359896 0.215741 0.011458 0.042593
0 0.354427 0.201852 0.010937 0.038889
0 0.348698 0.523148 0.013021 0.051852
0 0.426823 0.695833 0.013021 0.058333
0 0.476302 0.395833 0.014063 0.045370
0 0.485938 0.248148 0.013542 0.040741
0 0.500521 0.138889 0.011458 0.037037
0 0.590885 0.515741 0.016146 0.046296
0 0.710938 0.390278 0.014583 0.049074
0 0.758594 0.387963 0.017188 0.044444
0 0.791667 0.723611 0.016667 0.063889
0 0.828646 0.654630 0.019792 0.055556
0 0.898698 0.392593 0.026562 0.042593
0 0.905729 0.251852 0.017708 0.037037
0 0.672396 0.198611 0.014583 0.036111
0 0.901823 0.210648 0.019271 0.037963
0 0.624219 0.381481 0.017188 0.040741
