0 0.223958 0.587500 0.019792 0.065741
0 0.233854 0.443056 0.016667 0.052778
0 0.226823 0.350463 0.011979 0.060185
0 0.270052 0.240278 0.009896 0.052778
0 0.304167 0.220370 0.009375 0.050000
0 0.386198 0.242593 0.008854 0.050000
0 0.404167 0.267593 0.011458 0.053704
0 0.425260 0.153704 0.010937 0.046296
0 0.327083 0.438889 0.011458 0.057407
0 0.410938 0.410185 0.012500 0.055556
0 0.558594 0.393056 0.010937 0.045370
0 0.629167 0.530093 0.011458 0.056481
0 0.427865 0.809259 0.013021 0.072222
0 0.541146 0.100000 0.010417 0.046296
0 0.593229 0.168056 0.009375 0.047222
0 0.632292 0.174074 0.010417 0.051852
0 0.619531 0.266667 0.017188 0.053704
0 0.635677 0.271296 0.010937 0.053704
0 0.700260 0.309259 0.011979 0.053704
0 0.857812 0.217593 0.013542 0.046296
0 0.939063 0.452315 0.025000 0.063889
1 0.844531 0.242593 0.004687 0.007407
