0 0.019271 0.369444 0.027083 0.090741
0 0.320312 0.334722 0.018750 0.080556
0 0.254948 0.189352 0.016146 0.075000
0 0.361458 0.246759 0.014583 0.071296
0 0.461458 0.184259 0.017708 0.072222
0 0.494531 0.375463 0.021354 0.080556
0 0.482031 0.313426 0.019271 0.069444
0 0.524740 0.309259 0.018229 0.083333
1 0.597135 0.341667 0.008854 0.011111
0 0.514583 0.514815 0.019792 0.103704
0 0.622396 0.452778 0.020833 0.098148
0 0.452604 0.169444 0.020833 0.070370
0 0.606510 0.220833 0.015104 0.071296
0 0.660677 0.187500 0.016146 0.078704
0 0.698177 0.260185 0.017188 0.074074
0 0.746094 0.334259 0.024479 0.088889
0 0.783594 0.373611 0.020313 0.084259
0 0.806510 0.342130 0.015104 0.086111
0 0.853385 0.216667 0.019271 0.074074
0 0.494792 0.803241 0.053125 0.136111
0 0.978646 0.500463 0.019792 0.113889
