0 0.202865 0.348148 0.024479 0.059259
1 0.260417 0.437037 0.007292 0.012963
0 0.296094 0.512963 0.017188 0.088889
0 0.401562 0.375463 0.015625 0.065741
0 0.468750 0.470370 0.022917 0.079630
0 0.663021 0.538426 0.025000 0.080556
0 0.810156 0.537037 0.027604 0.085185
0 0.787500 0.376852 0.018750 0.075926
0 0.707812 0.297685 0.015625 0.065741
0 0.773958 0.302778 0.016667 0.059259
0 0.805729 0.303704 0.016667 0.066667
0 0.966146 0.316204 0.018750 0.071296
0 0.914323 0.145370 0.016146 0.051852
0 0.933854 0.973611 0.028125 0.052778
0 0.923438 0.753241 0.043750 0.108333
0 0.878385 0.675000 0.022396 0.101852
