0 0.387240 0.496759 0.013021 0.049074
0 0.389323 0.400000 0.011979 0.048148
0 0.438802 0.575000 0.015104 0.051852
0 0.464062 0.301852 0.010417 0.044444
0 0.539323 0.319444 0.013021 0.050000
0 0.628646 0.433796 0.010417 0.045370
0 0.591406 0.579630 0.013021 0.050000
0 0.150521 0.716667 0.023958 0.048148
0 0.199479 0.642593 0.018750 0.061111
0 0.135677 0.525463 0.021354 0.058333
0 0.129688 0.297685 0.014583 0.054630
0 0.282031 0.341204 0.013021 0.047222
0 0.320833 0.196759 0.009375 0.034259
1 0.355469 0.535648 0.004687 0.008333
0 0.577865 0.127778 0.008854 0.038889
0 0.824479 0.197222 0.012500 0.048148
0 0.876563 0.150463 0.010417 0.043519
0 0.850000 0.335185 0.011458 0.048148
0 0.896875 0.386574 0.012500 0.052778
0 0.829948 0.674074 0.019271 0.068519
0 0.779167 0.839815 0.013542 0.072222
0 0.401823 0.749537 0.020313 0.058333
0 0.676042 0.450000 0.012500 0.050000
