0 0.273177 0.266667 0.016146 0.085185
0 0.230208 0.480093 0.014583 0.104630
0 0.466667 0.268056 0.019792 0.089815
0 0.368750 0.569444 0.023958 0.103704
0 0.303385 0.640278 0.035937 0.113889
0 0.251563 0.654167 0.022917 0.110185
0 0.371354 0.675463 0.025000 0.113889
0 0.402083 0.705556 0.021875 0.122222
0 0.493750 0.756944 0.031250 0.130556
0 0.475260 0.622222 0.017188 0.112963
0 0.432292 0.591204 0.032292 0.104630
0 0.384896 0.531481 0.029167 0.114815
0 0.471615 0.510648 0.028646 0.100926
0 0.491927 0.524074 0.031771 0.101852
0 0.511979 0.650926 0.028125 0.116667
0 0.538281 0.619444 0.017188 0.114815
0 0.583073 0.520833 0.026562 0.108333
0 0.656250 0.381481 0.020833 0.090741
0 0.640625 0.290741 0.016667 0.085185
