0 0.235937 0.554630 0.032292 0.033333
1 0.327344 0.365741 0.005729 0.009259
0 0.454688 0.581481 0.019792 0.087037
0 0.439583 0.499074 0.016667 0.081481
0 0.439844 0.483796 0.020313 0.078704
0 0.527604 0.535648 0.019792 0.089815
0 0.533854 0.478704 0.020833 0.101852
0 0.572656 0.537500 0.030729 0.086111
0 0.578125 0.507870 0.020833 0.084259
0 0.688281 0.537037 0.023438 0.085185
0 0.697656 0.506944 0.016146 0.093519
0 0.723958 0.512963 0.023958 0.085185
0 0.727604 0.338426 0.018750 0.075000
0 0.785677 0.343519 0.016146 0.074074
0 0.845052 0.413426 0.019271 0.086111
0 0.795833 0.611111 0.018750 0.088889
0 0.918229 0.701389 0.023958 0.104630
0 0.919792 0.806481 0.046875 0.142593
