1 0.733594 0.286111 0.009896 0.014815
0 0.270833 0.944444 0.072917 0.107407
0 0.097917 0.584259 0.023958 0.088889
0 0.238542 0.575000 0.016667 0.066667
0 0.371615 0.580093 0.018229 0.080556
0 0.007812 0.274537 0.014583 0.073148
0 0.148177 0.084722 0.016146 0.039815
0 0.401302 0.451389 0.017188 0.075000
0 0.314323 0.416667 0.022396 0.079630
0 0.314323 0.328241 0.024479 0.084259
0 0.435937 0.359722 0.022917 0.086111
0 0.580729 0.266204 0.016667 0.080556
0 0.604427 0.456944 0.022396 0.086111
0 0.636979 0.587963 0.021875 0.090741
0 0.683073 0.534722 0.018229 0.091667
0 0.764844 0.383796 0.018229 0.080556
0 0.774219 0.383796 0.019271 0.071296
0 0.797917 0.335185 0.020833 0.075926
0 0.886458 0.484722 0.019792 0.086111
