0 0.273958 0.318981 0.010417 0.056481
0 0.151823 0.359259 0.013021 0.057407
0 0.241406 0.470833 0.018229 0.067593
0 0.287500 0.399074 0.015625 0.057407
0 0.271875 0.374074 0.015625 0.061111
0 0.016146 0.514815 0.028125 0.070370
0 0.169531 0.687963 0.019271 0.088889
0 0.508594 0.256481 0.008854 0.048148
0 0.474479 0.345833 0.016667 0.052778
0 0.431510 0.405093 0.010937 0.056481
0 0.488281 0.568519 0.014063 0.074074
0 0.586198 0.378241 0.017188 0.056481
0 0.504687 0.333333 0.010417 0.053704
0 0.521354 0.298611 0.012500 0.049074
0 0.618229 0.372685 0.010417 0.060185
0 0.718490 0.423611 0.015104 0.063889
0 0.668229 0.343519 0.017708 0.051852
0 0.680990 0.333796 0.015104 0.054630
0 0.644792 0.311574 0.009375 0.054630
0 0.827083 0.602778 0.019792 0.075926
