0 0.089063 0.393519 0.026042 0.085185
0 0.243750 0.359259 0.025000 0.074074
1 0.220312 0.326389 0.008333 0.012037
0 0.222396 0.302315 0.030208 0.069444
0 0.311458 0.572685 0.036458 0.104630
0 0.415885 0.462963 0.024479 0.085185
0 0.436198 0.221296 0.010937 0.072222
0 0.586979 0.568981 0.033333 0.100926
0 0.553125 0.444907 0.027083 0.086111
0 0.681510 0.379630 0.028646 0.072222
0 0.714063 0.481481 0.028125 0.096296
0 0.830729 0.541204 0.017708 0.106481
0 0.889323 0.489352 0.031771 0.095370
0 0.788802 0.354630 0.024479 0.090741
0 0.675521 0.251389 0.023958 0.078704
0 0.788021 0.221759 0.023958 0.076852
0 0.430729 0.856944 0.057292 0.137963
