0 0.069531 0.547685 0.010937 0.056481
1 0.082292 0.515278 0.006250 0.010185
0 0.257552 0.601852 0.019271 0.055556
0 0.283854 0.384259 0.012500 0.042593
0 0.115365 0.312500 0.016146 0.047222
0 0.302083 0.327778 0.009375 0.048148
0 0.434896 0.495833 0.020833 0.041667
0 0.482812 0.530093 0.015625 0.045370
0 0.442448 0.321759 0.010937 0.045370
0 0.386458 0.241204 0.008333 0.045370
0 0.294792 0.203704 0.007292 0.040741
0 0.469531 0.151389 0.007812 0.039815
0 0.626302 0.217130 0.008854 0.043519
0 0.612500 0.375926 0.011458 0.046296
0 0.656771 0.384259 0.012500 0.048148
0 0.634896 0.455093 0.013542 0.049074
0 0.730469 0.362037 0.013021 0.048148
0 0.870573 0.263426 0.007812 0.045370
0 0.854167 0.192130 0.010417 0.041667
0 0.865885 0.476389 0.018229 0.060185
0 0.787240 0.646759 0.016146 0.060185
0 0.826823 0.671759 0.016146 0.060185
0 0.329167 0.817130 0.019792 0.056481
