0 0.166406 0.409722 0.038021 0.095370
0 0.235156 0.239352 0.022396 0.084259
1 0.173437 0.345370 0.011458 0.012963
0 0.352344 0.420833 0.020313 0.084259
0 0.394010 0.434722 0.035937 0.087963
0 0.398438 0.321759 0.027083 0.073148
0 0.491667 0.301389 0.033333 0.069444
0 0.543490 0.305556 0.027604 0.088889
0 0.658854 0.408333 0.036458 0.079630
0 0.680729 0.459722 0.025000 0.086111
0 0.714844 0.232870 0.017188 0.087963
0 0.857812 0.288889 0.036458 0.088889
0 0.885677 0.355556 0.024479 0.090741
0 0.941406 0.348148 0.027604 0.083333
0 0.949740 0.187500 0.032813 0.080556
0 0.937500 0.525000 0.025000 0.112963
0 0.732552 0.820833 0.030729 0.139815
