0 0.341406 0.720833 0.029687 0.110185
0 0.464583 0.697685 0.026042 0.097222
1 0.264844 0.694444 0.011979 0.018519
0 0.363281 0.505556 0.023438 0.087037
0 0.278646 0.459259 0.031250 0.070370
0 0.638281 0.476389 0.020313 0.087963
0 0.479687 0.356481 0.018750 0.075926
0 0.455208 0.287963 0.015625 0.068519
0 0.392969 0.225000 0.016146 0.062963
0 0.327344 0.260648 0.016146 0.065741
0 0.543750 0.306944 0.015625 0.071296
0 0.564323 0.263889 0.013021 0.066667
0 0.482031 0.313889 0.016146 0.066667
0 0.140365 0.333333 0.017188 0.068519
0 0.246615 0.269444 0.015104 0.061111
0 0.970573 0.522222 0.023438 0.098148
0 0.938802 0.413889 0.016146 0.074074
0 0.925000 0.376389 0.015625 0.073148
0 0.880990 0.268981 0.016146 0.073148
