0 0.166146 0.388426 0.030208 0.089815
0 0.333854 0.245370 0.022917 0.072222
0 0.392708 0.269907 0.021875 0.075000
1 0.454688 0.251389 0.006250 0.010185
0 0.402083 0.409259 0.019792 0.088889
0 0.394531 0.376852 0.018229 0.088889
0 0.023698 0.387963 0.029687 0.088889
0 0.574479 0.330556 0.019792 0.083333
0 0.528385 0.199537 0.021354 0.071296
0 0.707812 0.294444 0.019792 0.083333
0 0.803906 0.291667 0.028646 0.081481
0 0.683594 0.450926 0.020313 0.098148
0 0.694010 0.421296 0.017188 0.088889
0 0.855990 0.384259 0.017188 0.090741
0 0.986198 0.415741 0.016146 0.088889
0 0.930469 0.087500 0.018229 0.065741
0 0.825000 0.866204 0.033333 0.154630
