0 0.046875 0.391204 0.021875 0.076852
0 0.285938 0.317593 0.013542 0.059259
0 0.300260 0.293981 0.017188 0.063889
0 0.385156 0.272222 0.014063 0.061111
0 0.411198 0.238426 0.017188 0.063889
0 0.451042 0.338426 0.019792 0.071296
0 0.471615 0.292593 0.020313 0.057407
1 0.468750 0.318981 0.006250 0.012037
0 0.604427 0.458796 0.021354 0.087963
0 0.692969 0.381944 0.015104 0.071296
0 0.654427 0.281019 0.014063 0.067593
0 0.619792 0.217130 0.014583 0.065741
0 0.753385 0.287500 0.016146 0.071296
0 0.763021 0.155093 0.013542 0.062037
0 0.841146 0.332407 0.021875 0.070370
0 0.788281 0.407870 0.023438 0.078704
0 0.939063 0.241667 0.016667 0.070370
0 0.980990 0.477778 0.022396 0.096296
0 0.664844 0.806481 0.029687 0.125926
