0 0.061458 0.589352 0.021875 0.063889
0 0.067969 0.553704 0.020313 0.061111
0 0.058333 0.449074 0.013542 0.061111
0 0.141146 0.335185 0.010417 0.055556
0 0.268750 0.349537 0.010417 0.054630
0 0.332813 0.281481 0.010417 0.053704
0 0.395313 0.377315 0.017708 0.047222
0 0.315365 0.449074 0.016146 0.055556
0 0.364063 0.159259 0.010417 0.048148
0 0.482292 0.316204 0.011458 0.049074
1 0.495833 0.327778 0.005208 0.009259
0 0.521875 0.283796 0.016667 0.052778
0 0.592708 0.348611 0.011458 0.054630
0 0.689844 0.292130 0.013021 0.052778
0 0.451042 0.444444 0.018750 0.057407
0 0.284115 0.585648 0.023438 0.063889
0 0.553385 0.738889 0.016146 0.066667
0 0.744271 0.466204 0.015625 0.065741
0 0.771615 0.306944 0.017188 0.054630
0 0.797656 0.493519 0.013021 0.059259
0 0.934115 0.273611 0.009896 0.052778
