0 0.111979 0.391204 0.023958 0.084259
1 0.134635 0.429630 0.007812 0.014815
0 0.245573 0.295370 0.016146 0.074074
0 0.272656 0.287037 0.025521 0.079630
0 0.345052 0.293981 0.020313 0.087963
0 0.363021 0.333796 0.019792 0.082407
0 0.398177 0.239815 0.018229 0.075926
0 0.510417 0.320833 0.018750 0.082407
0 0.290365 0.520370 0.030729 0.105556
0 0.594792 0.284259 0.018750 0.090741
0 0.712240 0.344907 0.021354 0.075000
0 0.688542 0.199074 0.014583 0.081481
0 0.784115 0.271759 0.017188 0.084259
0 0.846615 0.200926 0.017188 0.083333
0 0.739844 0.668056 0.035937 0.119444
0 0.709635 0.553704 0.030729 0.098148
0 0.829688 0.943519 0.032292 0.112963
0 0.926823 0.220370 0.020313 0.088889
