0 0.064323 0.548148 0.026562 0.109259
0 0.276042 0.400463 0.025000 0.080556
0 0.355208 0.322685 0.021875 0.073148
1 0.363802 0.358333 0.006771 0.011111
0 0.341927 0.451389 0.018229 0.086111
0 0.340104 0.428704 0.018750 0.079630
0 0.454688 0.570833 0.014583 0.099074
0 0.455990 0.560185 0.018229 0.094444
0 0.575260 0.388889 0.020313 0.087037
0 0.629687 0.413889 0.020833 0.090741
0 0.702083 0.525000 0.016667 0.090741
0 0.733073 0.546759 0.023438 0.099074
0 0.785937 0.500000 0.019792 0.092593
0 0.901302 0.588426 0.018229 0.108333
0 0.902604 0.434259 0.016667 0.092593
0 0.707812 0.254630 0.016667 0.074074
0 0.967448 0.316667 0.019271 0.077778
0 0.551302 0.941667 0.027604 0.114815
