0 0.143750 0.577315 0.012500 0.058333
0 0.276823 0.535185 0.016146 0.057407
0 0.296354 0.629167 0.018750 0.060185
0 0.330469 0.554167 0.011979 0.060185
0 0.159896 0.323148 0.013542 0.055556
0 0.248177 0.237963 0.007812 0.048148
0 0.250260 0.326389 0.011979 0.045370
0 0.286979 0.353241 0.019792 0.050926
0 0.357552 0.315741 0.015104 0.050000
0 0.299740 0.226852 0.010937 0.053704
0 0.295312 0.194444 0.014583 0.044444
0 0.346354 0.176389 0.014583 0.043519
0 0.427083 0.290741 0.014583 0.050000
0 0.402083 0.443519 0.014583 0.053704
0 0.467708 0.382870 0.016667 0.047222
0 0.512240 0.180556 0.010937 0.046296
0 0.540104 0.474537 0.015625 0.050926
0 0.665104 0.298148 0.013542 0.048148
0 0.705729 0.308796 0.011458 0.047222
0 0.601562 0.145833 0.011458 0.041667
0 0.838802 0.251852 0.015104 0.051852
0 0.918229 0.437500 0.031250 0.063889
