0 0.033333 0.249537 0.020833 0.099074
0 0.015885 0.381481 0.023438 0.103704
0 0.117708 0.225463 0.019792 0.086111
0 0.175000 0.253704 0.012500 0.092593
0 0.297135 0.237500 0.019271 0.078704
0 0.308073 0.264815 0.022396 0.088889
0 0.310937 0.315741 0.028125 0.090741
0 0.388021 0.301852 0.027083 0.092593
0 0.242708 0.466204 0.018750 0.112037
0 0.265625 0.467593 0.034375 0.112963
0 0.338021 0.513426 0.026042 0.104630
0 0.547656 0.308796 0.024479 0.069444
0 0.566146 0.310648 0.036458 0.080556
0 0.539583 0.563889 0.022917 0.114815
0 0.736198 0.646296 0.027604 0.133333
0 0.905729 0.320833 0.014583 0.099074
0 0.526823 0.226852 0.017188 0.096296
1 0.525781 0.179167 0.006771 0.012037
