1 0.468750 0.216204 0.006250 0.008333
0 0.366667 0.300926 0.021875 0.072222
0 0.469792 0.337037 0.022917 0.066667
0 0.421875 0.455093 0.026042 0.080556
0 0.388542 0.394444 0.019792 0.075926
0 0.723958 0.435648 0.025000 0.086111
0 0.594271 0.259259 0.020833 0.061111
0 0.642708 0.220370 0.015625 0.064815
0 0.537760 0.161574 0.022396 0.052778
0 0.007552 0.425463 0.014063 0.087963
0 0.028125 0.447685 0.020833 0.084259
0 0.124479 0.469907 0.020833 0.089815
0 0.092448 0.316204 0.024479 0.071296
0 0.104688 0.327778 0.018750 0.074074
0 0.157292 0.251389 0.013542 0.075000
0 0.187760 0.366204 0.026562 0.076852
0 0.242448 0.252778 0.023438 0.059259
0 0.335417 0.453241 0.028125 0.087963
0 0.523438 0.833333 0.029167 0.129630
0 0.758073 0.393981 0.017188 0.076852
