0 0.295573 0.794444 0.019271 0.066667
0 0.234375 0.524537 0.007292 0.052778
0 0.236979 0.518056 0.012500 0.052778
0 0.134375 0.579630 0.011458 0.057407
0 0.140625 0.381019 0.015625 0.052778
0 0.271615 0.393981 0.016146 0.045370
0 0.253125 0.329167 0.010417 0.045370
0 0.464583 0.747222 0.013542 0.055556
0 0.452604 0.583333 0.015625 0.053704
0 0.627083 0.629630 0.010417 0.057407
0 0.633854 0.718056 0.021875 0.058333
0 0.712240 0.819907 0.018229 0.063889
1 0.676823 0.600926 0.004687 0.009259
0 0.663802 0.543981 0.018229 0.054630
0 0.434896 0.351389 0.010417 0.045370
0 0.550521 0.262500 0.009375 0.045370
0 0.549479 0.189352 0.009375 0.043519
0 0.628125 0.268519 0.009375 0.044444
0 0.261198 0.225000 0.010937 0.040741
0 0.930469 0.737500 0.025521 0.069444
0 0.775260 0.388889 0.014063 0.048148
