0 0.074219 0.356944 0.011979 0.060185
0 0.065885 0.566667 0.011979 0.072222
0 0.227083 0.639815 0.016667 0.055556
0 0.278385 0.278241 0.015104 0.052778
0 0.365104 0.307407 0.014583 0.057407
0 0.346875 0.389352 0.007292 0.058333
0 0.416927 0.365741 0.016146 0.057407
0 0.387240 0.252315 0.014063 0.041667
0 0.378125 0.193519 0.009375 0.050000
0 0.428646 0.175000 0.012500 0.050000
0 0.458594 0.234722 0.010937 0.049074
0 0.510938 0.110185 0.010417 0.048148
0 0.564583 0.188426 0.011458 0.050926
0 0.540365 0.309722 0.014063 0.045370
0 0.622917 0.291204 0.016667 0.049074
0 0.529427 0.428241 0.017188 0.050926
0 0.647656 0.368981 0.014063 0.060185
0 0.703646 0.382407 0.017708 0.048148
0 0.525521 0.605556 0.026042 0.061111
0 0.753385 0.561574 0.019271 0.047222
0 0.779687 0.797685 0.028125 0.065741
0 0.984375 0.360648 0.017708 0.062037
