1 0.397656 0.255093 0.007812 0.015741
0 0.483073 0.272222 0.022396 0.081481
0 0.195833 0.464815 0.016667 0.090741
0 0.256771 0.345833 0.023958 0.086111
0 0.355729 0.191204 0.016667 0.067593
0 0.382292 0.624074 0.022917 0.105556
0 0.418490 0.596296 0.034896 0.103704
0 0.557552 0.467593 0.021354 0.096296
0 0.660677 0.459722 0.014063 0.086111
0 0.688542 0.457870 0.018750 0.086111
0 0.773958 0.325463 0.022917 0.080556
0 0.872396 0.253241 0.020833 0.080556
0 0.839063 0.555556 0.030208 0.105556
0 0.019531 0.444444 0.032813 0.092593
0 0.033333 0.269907 0.022917 0.078704
0 0.258333 0.952315 0.040625 0.095370
