0 0.104427 0.563426 0.021354 0.095370
0 0.272917 0.591204 0.022917 0.106481
0 0.315625 0.462963 0.015625 0.083333
0 0.297135 0.448611 0.021354 0.091667
0 0.323177 0.344444 0.015104 0.077778
0 0.553385 0.399074 0.025521 0.087037
1 0.571094 0.439815 0.005729 0.011111
0 0.621354 0.587963 0.023958 0.105556
0 0.594792 0.537037 0.019792 0.096296
0 0.620833 0.446296 0.021875 0.094444
0 0.679948 0.431019 0.021354 0.086111
0 0.748698 0.505556 0.019271 0.088889
0 0.791667 0.570833 0.028125 0.106481
0 0.765625 0.466204 0.012500 0.084259
0 0.758594 0.471759 0.010937 0.080556
0 0.804427 0.351852 0.017188 0.087037
0 0.889062 0.492130 0.014583 0.087963
0 0.987760 0.592130 0.024479 0.082407
0 0.429427 0.192593 0.016146 0.064815
