1 0.204427 0.394907 0.004687 0.008333
0 0.178906 0.375926 0.013021 0.055556
0 0.206510 0.422685 0.019271 0.050926
0 0.071875 0.483333 0.015625 0.057407
0 0.311719 0.320833 0.016146 0.050926
0 0.402604 0.352315 0.009375 0.050926
0 0.614583 0.524074 0.021875 0.062963
0 0.682813 0.520370 0.022917 0.057407
0 0.725781 0.412963 0.016146 0.055556
0 0.733073 0.402315 0.021354 0.052778
0 0.683333 0.865741 0.020833 0.096296
0 0.776302 0.704630 0.016146 0.075926
0 0.890365 0.334259 0.008854 0.053704
0 0.861458 0.287963 0.010417 0.048148
