1 0.127604 0.352778 0.006250 0.007407
0 0.130990 0.344907 0.028646 0.041667
0 0.152083 0.405556 0.013542 0.057407
0 0.269531 0.370833 0.008854 0.050926
0 0.283333 0.235185 0.010417 0.048148
0 0.362760 0.233333 0.007812 0.048148
0 0.457813 0.381481 0.012500 0.055556
0 0.430208 0.287963 0.011458 0.046296
0 0.441146 0.140741 0.010417 0.042593
0 0.573177 0.205556 0.009896 0.046296
0 0.623437 0.350463 0.014583 0.052778
0 0.679688 0.260185 0.014583 0.046296
0 0.669792 0.426389 0.010417 0.050926
0 0.721615 0.308796 0.009896 0.050926
0 0.830208 0.253704 0.010417 0.053704
0 0.785937 0.172685 0.011458 0.041667
0 0.831250 0.440278 0.013542 0.060185
0 0.146615 0.659722 0.011979 0.060185
0 0.305729 0.539352 0.016667 0.058333
0 0.417448 0.566667 0.013021 0.055556
0 0.428906 0.740741 0.018229 0.070370
0 0.617969 0.700926 0.015104 0.062963
0 0.487760 0.492593 0.009896 0.055556
