0 0.919271 0.483333 0.028125 0.101852
0 0.039323 0.509722 0.033854 0.110185
0 0.064844 0.354630 0.022396 0.090741
0 0.038281 0.272222 0.024479 0.094444
0 0.222917 0.413426 0.020833 0.089815
0 0.276562 0.463889 0.027083 0.098148
0 0.305729 0.440278 0.019792 0.102778
0 0.336198 0.499537 0.023438 0.099074
0 0.313281 0.286111 0.020313 0.090741
0 0.334635 0.235648 0.020313 0.086111
0 0.708333 0.454167 0.028125 0.100926
0 0.677344 0.365741 0.020313 0.090741
0 0.745573 0.408796 0.031771 0.097222
0 0.939323 0.387500 0.027604 0.093519
0 0.722135 0.263426 0.022396 0.089815
1 0.722656 0.306019 0.007812 0.012037
0 0.272656 0.096759 0.016146 0.073148
0 0.314063 0.926389 0.025000 0.147222
