0 0.134375 0.579167 0.025000 0.082407
0 0.276042 0.502315 0.019792 0.076852
0 0.286458 0.438426 0.013542 0.075000
0 0.228385 0.375926 0.014063 0.070370
0 0.270313 0.386111 0.015625 0.072222
0 0.386458 0.375926 0.019792 0.074074
0 0.489063 0.240741 0.013542 0.061111
0 0.450000 0.494444 0.026042 0.070370
1 0.462760 0.474074 0.005729 0.012963
0 0.471354 0.440741 0.022917 0.057407
0 0.464323 0.642593 0.022396 0.096296
0 0.542188 0.494444 0.031250 0.075926
0 0.574479 0.423148 0.028125 0.064815
0 0.559896 0.384259 0.016667 0.074074
0 0.784375 0.580093 0.021875 0.095370
0 0.618229 0.465278 0.018750 0.067593
0 0.635417 0.430556 0.013542 0.068519
0 0.800260 0.407870 0.023438 0.075000
0 0.982812 0.577315 0.016667 0.082407
0 0.501563 0.977315 0.028125 0.045370
