1 0.426563 0.190741 0.004167 0.009259
1 0.251302 0.285648 0.014063 0.050926
0 0.263542 0.271759 0.017708 0.049074
0 0.308073 0.113426 0.011979 0.047222
0 0.445052 0.260185 0.010937 0.050000
0 0.515104 0.225000 0.014583 0.051852
0 0.553906 0.229630 0.013021 0.048148
0 0.392969 0.387963 0.016146 0.038889
0 0.348698 0.444444 0.013021 0.053704
0 0.200260 0.435648 0.013021 0.062037
0 0.428125 0.440278 0.013542 0.052778
0 0.475521 0.450926 0.010417 0.057407
0 0.190625 0.596759 0.011458 0.063889
0 0.401042 0.650926 0.017708 0.051852
0 0.182292 0.768056 0.013542 0.069444
0 0.606250 0.372222 0.010417 0.055556
0 0.686719 0.379630 0.009896 0.057407
0 0.574219 0.532870 0.014063 0.056481
0 0.660937 0.175463 0.012500 0.045370
0 0.827604 0.296759 0.014583 0.058333
0 0.831250 0.432407 0.011458 0.062963
0 0.597656 0.746759 0.018229 0.067593
