0 0.154948 0.520370 0.022396 0.085185
0 0.142969 0.408333 0.019271 0.072222
0 0.115365 0.371296 0.018229 0.068519
0 0.285938 0.387500 0.018750 0.060185
0 0.357031 0.349537 0.023438 0.052778
1 0.377865 0.340278 0.006771 0.012037
0 0.365104 0.314352 0.015625 0.058333
0 0.282813 0.497685 0.017708 0.075000
0 0.338021 0.611111 0.020833 0.085185
0 0.424479 0.637963 0.016667 0.094444
0 0.442448 0.494444 0.016146 0.075926
0 0.519271 0.400463 0.018750 0.060185
0 0.476302 0.353704 0.017188 0.068519
0 0.505729 0.275926 0.008333 0.055556
0 0.522135 0.290278 0.013021 0.058333
0 0.649219 0.214352 0.017188 0.049074
0 0.723958 0.531019 0.017708 0.071296
0 0.835938 0.562500 0.016667 0.087963
0 0.860938 0.416667 0.020833 0.068519
0 0.927604 0.366667 0.017708 0.066667
0 0.931250 0.660185 0.017708 0.100000
0 0.620313 0.947222 0.025000 0.105556
