1 0.637500 0.611574 0.005208 0.008333
0 0.669271 0.614352 0.014583 0.052778
0 0.703646 0.743981 0.019792 0.052778
0 0.549219 0.696759 0.018229 0.062037
0 0.485156 0.625463 0.021354 0.052778
0 0.459115 0.561574 0.013021 0.049074
0 0.518229 0.522685 0.012500 0.037963
0 0.520052 0.487037 0.013021 0.053704
0 0.530990 0.430556 0.011979 0.042593
0 0.473438 0.400926 0.013542 0.051852
0 0.598437 0.420370 0.008333 0.048148
0 0.642448 0.450000 0.016146 0.053704
0 0.605990 0.395833 0.014063 0.052778
0 0.560417 0.344444 0.010417 0.050000
0 0.584635 0.339815 0.009896 0.046296
0 0.869010 0.377778 0.013021 0.053704
0 0.116406 0.582870 0.014063 0.063889
0 0.275781 0.484259 0.013021 0.057407
0 0.205208 0.394444 0.013542 0.044444
0 0.312500 0.483796 0.017708 0.050926
0 0.338021 0.638426 0.011458 0.058333
0 0.338542 0.241667 0.014583 0.035185
0 0.388542 0.296296 0.015625 0.038889
