0 0.319531 0.841204 0.066146 0.126852
0 0.367969 0.458796 0.027604 0.086111
0 0.279167 0.382870 0.031250 0.069444
0 0.402604 0.364815 0.017708 0.072222
1 0.447656 0.324537 0.006771 0.013889
0 0.435417 0.271296 0.018750 0.070370
0 0.379427 0.253704 0.027604 0.074074
0 0.489323 0.269907 0.020313 0.067593
0 0.502865 0.211574 0.016146 0.069444
0 0.572656 0.337963 0.023438 0.061111
0 0.500781 0.357407 0.024479 0.079630
0 0.197656 0.295370 0.019271 0.070370
0 0.173177 0.243519 0.018229 0.057407
0 0.647396 0.432870 0.019792 0.084259
0 0.696354 0.316204 0.017708 0.058333
0 0.694531 0.259259 0.014063 0.059259
0 0.603646 0.275463 0.027083 0.063889
0 0.812760 0.246296 0.016146 0.066667
0 0.952083 0.302315 0.021875 0.069444
