0 0.314323 0.640278 0.024479 0.141667
0 0.303646 0.529630 0.020833 0.120370
0 0.292448 0.495833 0.024479 0.137963
0 0.422135 0.632870 0.020313 0.145370
0 0.442188 0.581481 0.022917 0.125926
0 0.419271 0.506944 0.027083 0.130556
0 0.500521 0.540278 0.034375 0.128704
0 0.574740 0.524537 0.025521 0.139815
0 0.567969 0.777315 0.027604 0.156481
0 0.529687 0.737963 0.038542 0.153704
0 0.318490 0.356944 0.025521 0.123148
0 0.427604 0.312037 0.030208 0.070370
0 0.454688 0.304630 0.021875 0.112963
0 0.567708 0.345370 0.028125 0.114815
0 0.553906 0.143519 0.026562 0.098148
0 0.910937 0.507870 0.039583 0.067593
0 0.943229 0.486574 0.031250 0.123148
0 0.870833 0.246759 0.019792 0.110185
