0 0.184635 0.417593 0.014063 0.061111
0 0.299219 0.444907 0.026562 0.041667
0 0.294271 0.387963 0.016667 0.044444
0 0.304167 0.358333 0.012500 0.055556
0 0.356510 0.329167 0.011979 0.054630
0 0.316667 0.266667 0.016667 0.051852
0 0.369010 0.208333 0.006771 0.048148
0 0.260937 0.646296 0.014583 0.066667
0 0.400521 0.596759 0.015625 0.063889
0 0.392188 0.502315 0.014583 0.062037
0 0.395573 0.419907 0.013021 0.056481
0 0.500260 0.408333 0.015104 0.053704
0 0.539844 0.489815 0.009896 0.059259
0 0.605469 0.571296 0.009896 0.062963
0 0.604688 0.418519 0.012500 0.057407
0 0.547135 0.305556 0.011979 0.055556
0 0.526042 0.259259 0.011458 0.053704
0 0.629948 0.289815 0.015104 0.051852
0 0.666667 0.184722 0.011458 0.049074
0 0.751823 0.256481 0.015104 0.055556
0 0.816146 0.419907 0.020833 0.063889
1 0.205729 0.520833 0.005208 0.010185
