0 0.097656 0.384259 0.020313 0.087037
0 0.159635 0.246759 0.016146 0.078704
0 0.224219 0.178241 0.018229 0.058333
0 0.348958 0.201852 0.013542 0.070370
0 0.369792 0.267593 0.021875 0.064815
0 0.430990 0.307407 0.014063 0.070370
0 0.443490 0.311111 0.019271 0.066667
1 0.467969 0.343519 0.006771 0.011111
0 0.489844 0.496759 0.021354 0.097222
0 0.573438 0.348148 0.016667 0.079630
0 0.557552 0.275000 0.016146 0.072222
0 0.541146 0.203704 0.023958 0.064815
0 0.635938 0.391667 0.019792 0.075926
0 0.693750 0.421296 0.022917 0.079630
0 0.697396 0.312963 0.023958 0.070370
0 0.683333 0.205556 0.030208 0.062963
0 0.706771 0.207407 0.019792 0.070370
0 0.787760 0.278704 0.017188 0.068519
0 0.808854 0.095370 0.015625 0.061111
0 0.681771 0.803704 0.030208 0.129630
0 0.900781 0.521296 0.028646 0.103704
