0 0.063281 0.382407 0.014063 0.046296
0 0.192188 0.427315 0.014583 0.039815
0 0.210417 0.435185 0.014583 0.033333
0 0.201563 0.543981 0.027083 0.021296
0 0.205208 0.618519 0.020833 0.048148
0 0.196354 0.508333 0.009375 0.042593
0 0.224479 0.499537 0.019792 0.039815
0 0.189844 0.492593 0.014063 0.042593
0 0.405208 0.641667 0.011458 0.048148
0 0.447135 0.643519 0.014063 0.050000
0 0.509896 0.596759 0.014583 0.050926
0 0.679948 0.500000 0.011979 0.042593
0 0.258333 0.388426 0.014583 0.039815
0 0.272396 0.390741 0.012500 0.042593
0 0.328646 0.420833 0.010417 0.041667
0 0.388542 0.354630 0.015625 0.031481
0 0.360417 0.530093 0.013542 0.043519
0 0.834896 0.616204 0.012500 0.058333
0 0.750000 0.355556 0.009375 0.044444
0 0.831771 0.426389 0.009375 0.047222
0 0.886198 0.642593 0.008854 0.053704
0 0.918750 0.425926 0.013542 0.044444
1 0.201302 0.509722 0.003646 0.008333
