0 0.298438 0.748148 0.019792 0.074074
0 0.336198 0.838426 0.018229 0.078704
1 0.335938 0.853241 0.008333 0.012037
0 0.423698 0.617593 0.017188 0.057407
0 0.537760 0.676389 0.014063 0.065741
0 0.344271 0.480556 0.014583 0.062963
0 0.411719 0.476852 0.017188 0.059259
0 0.417448 0.407870 0.013021 0.058333
0 0.374219 0.319444 0.010937 0.053704
0 0.481250 0.305093 0.011458 0.052778
0 0.511198 0.467130 0.011979 0.060185
0 0.559375 0.359259 0.014583 0.059259
0 0.455208 0.472685 0.009375 0.060185
0 0.649740 0.427778 0.010937 0.057407
0 0.686458 0.326852 0.013542 0.059259
0 0.634896 0.182407 0.011458 0.051852
0 0.803906 0.212963 0.014063 0.048148
0 0.886198 0.241204 0.009896 0.056481
0 0.754687 0.393519 0.012500 0.059259
0 0.108854 0.312963 0.017708 0.059259
0 0.932552 0.546759 0.016146 0.071296
