0 0.309115 0.177315 0.009896 0.039815
0 0.307031 0.131019 0.011979 0.037963
0 0.419792 0.240278 0.015625 0.037963
0 0.422917 0.224537 0.018750 0.037963
1 0.403385 0.223611 0.004687 0.008333
0 0.263281 0.282870 0.011979 0.043519
0 0.295573 0.326389 0.015104 0.050926
0 0.314323 0.297222 0.013021 0.046296
0 0.407552 0.318519 0.009896 0.048148
0 0.435417 0.368981 0.009375 0.047222
0 0.255469 0.387963 0.014063 0.048148
0 0.219010 0.346296 0.017188 0.051852
0 0.126823 0.305093 0.011979 0.047222
0 0.177865 0.397222 0.016146 0.046296
0 0.190365 0.418056 0.016146 0.049074
0 0.683333 0.374074 0.009375 0.053704
0 0.800000 0.419907 0.012500 0.050926
0 0.829948 0.381481 0.010937 0.053704
0 0.900000 0.530556 0.010417 0.062963
0 0.310677 0.626389 0.011979 0.058333
0 0.508073 0.660648 0.014063 0.060185
0 0.484375 0.492593 0.018750 0.051852
0 0.553125 0.462963 0.016667 0.050000
