0 0.225260 0.474537 0.020313 0.095370
0 0.323698 0.419907 0.035937 0.065741
0 0.446094 0.433333 0.019271 0.090741
0 0.530208 0.443981 0.025000 0.084259
0 0.278906 0.331944 0.022396 0.086111
0 0.416927 0.318981 0.018229 0.084259
0 0.558073 0.369907 0.018229 0.078704
0 0.569010 0.331481 0.021354 0.081481
0 0.643750 0.318519 0.017708 0.087037
0 0.742969 0.384259 0.021354 0.088889
0 0.655469 0.520370 0.026562 0.096296
0 0.663021 0.603704 0.025000 0.109259
1 0.338281 0.498611 0.008854 0.015741
0 0.882292 0.481019 0.029167 0.084259
0 0.864323 0.398611 0.019271 0.087963
0 0.902083 0.337037 0.016667 0.088889
0 0.782292 0.960185 0.029167 0.079630
