0 0.200260 0.493981 0.014063 0.052778
0 0.190365 0.393056 0.016146 0.058333
0 0.286198 0.443056 0.014063 0.056481
0 0.457552 0.434722 0.017188 0.054630
0 0.450781 0.345370 0.016146 0.042593
0 0.352083 0.244907 0.011458 0.045370
0 0.361458 0.227315 0.018750 0.045370
0 0.303385 0.249537 0.010937 0.047222
0 0.509896 0.443981 0.017708 0.045370
0 0.510417 0.335185 0.012500 0.051852
0 0.487760 0.306481 0.010937 0.048148
0 0.616146 0.254167 0.012500 0.047222
0 0.533594 0.169444 0.016146 0.048148
0 0.614323 0.200926 0.015104 0.046296
1 0.552604 0.380093 0.004167 0.008333
0 0.626042 0.418056 0.011458 0.058333
0 0.545052 0.605556 0.019271 0.062963
0 0.777344 0.664815 0.011979 0.061111
0 0.793490 0.328241 0.014063 0.052778
0 0.912240 0.377778 0.020313 0.057407
0 0.882292 0.236111 0.011458 0.051852
