0 0.367708 0.212500 0.012500 0.043519
0 0.251563 0.314815 0.013542 0.059259
0 0.340104 0.422685 0.015625 0.067593
0 0.408594 0.474537 0.019271 0.067593
0 0.484115 0.472222 0.014063 0.070370
0 0.534115 0.389352 0.014063 0.062037
0 0.593229 0.375926 0.016667 0.062963
0 0.560156 0.248148 0.014063 0.053704
0 0.084635 0.755093 0.026562 0.095370
0 0.509635 0.645833 0.024479 0.086111
0 0.772917 0.774074 0.023958 0.103704
0 0.687500 0.239815 0.013542 0.050000
0 0.774219 0.313889 0.015104 0.057407
0 0.817708 0.303241 0.017708 0.063889
0 0.848177 0.440278 0.017188 0.073148
