0 0.277865 0.447222 0.026562 0.103704
0 0.309896 0.367130 0.018750 0.084259
1 0.302604 0.406019 0.006250 0.013889
0 0.365625 0.390278 0.043750 0.089815
0 0.371615 0.383333 0.027604 0.085185
0 0.473177 0.462037 0.029687 0.094444
0 0.547917 0.513426 0.021875 0.102778
0 0.555990 0.406481 0.027604 0.087037
0 0.482552 0.301852 0.028646 0.081481
0 0.372135 0.177778 0.023438 0.075926
0 0.466406 0.169907 0.019271 0.071296
0 0.516927 0.182870 0.018229 0.076852
0 0.571094 0.032870 0.015104 0.063889
0 0.565625 0.928241 0.027083 0.137963
0 0.944792 0.512037 0.027083 0.118519
0 0.836979 0.428241 0.020833 0.106481
0 0.652344 0.293519 0.024479 0.075926
0 0.649219 0.252778 0.023438 0.081481
0 0.695312 0.187500 0.017708 0.086111
0 0.836198 0.215741 0.017188 0.083333
0 0.680729 0.171759 0.015625 0.078704
