0 0.281771 0.494907 0.015625 0.091667
0 0.297656 0.414352 0.022396 0.073148
0 0.277083 0.346759 0.020833 0.087963
0 0.346094 0.320370 0.018229 0.083333
0 0.367448 0.409259 0.030729 0.072222
0 0.409896 0.344907 0.020833 0.073148
1 0.472396 0.423611 0.011458 0.010185
0 0.507552 0.472222 0.018229 0.098148
0 0.509635 0.447222 0.034896 0.077778
0 0.602604 0.500463 0.015625 0.100926
0 0.611979 0.467130 0.020833 0.097222
0 0.523698 0.242130 0.015104 0.078704
0 0.829948 0.495833 0.022396 0.095370
0 0.827344 0.355556 0.020313 0.088889
0 0.148698 0.938426 0.030729 0.123148
