0 0.154688 0.519907 0.018750 0.087963
0 0.210417 0.554167 0.016667 0.093519
0 0.243229 0.428241 0.016667 0.082407
0 0.216146 0.384259 0.017708 0.072222
0 0.347396 0.500000 0.019792 0.083333
0 0.425521 0.509259 0.021875 0.081481
0 0.407813 0.369907 0.014583 0.069444
0 0.379167 0.311574 0.012500 0.067593
0 0.348958 0.254167 0.011458 0.060185
1 0.323177 0.233333 0.004687 0.011111
0 0.661198 0.590741 0.016146 0.090741
0 0.689583 0.581481 0.015625 0.092593
0 0.707031 0.483796 0.014063 0.078704
0 0.635938 0.418981 0.012500 0.078704
0 0.597135 0.373148 0.022396 0.075926
0 0.697135 0.317593 0.011979 0.070370
0 0.752083 0.283796 0.017708 0.062037
0 0.803125 0.194444 0.011458 0.055556
0 0.935677 0.401852 0.019271 0.079630
0 0.711458 0.934259 0.039583 0.125926
