0 0.325521 0.656944 0.028125 0.117593
0 0.363281 0.682407 0.016146 0.114815
0 0.414583 0.625463 0.022917 0.104630
0 0.436719 0.680093 0.017188 0.117593
0 0.449219 0.616667 0.020313 0.094444
0 0.327604 0.550463 0.033333 0.108333
0 0.332552 0.392593 0.022396 0.057407
0 0.432031 0.363889 0.018229 0.092593
0 0.481250 0.273148 0.015625 0.077778
0 0.505469 0.297685 0.020313 0.091667
0 0.539062 0.485648 0.015625 0.100926
0 0.582812 0.591204 0.020833 0.113889
0 0.565625 0.737963 0.028125 0.116667
0 0.684375 0.769907 0.019792 0.123148
0 0.443750 0.572222 0.019792 0.092593
0 0.459115 0.761574 0.026562 0.121296
0 0.762760 0.737963 0.040104 0.116667
0 0.744271 0.553241 0.023958 0.104630
0 0.727865 0.306019 0.021354 0.082407
