0 0.334375 0.839815 0.031250 0.135185
0 0.187500 0.482870 0.018750 0.093519
0 0.362240 0.436111 0.021354 0.085185
0 0.363021 0.389815 0.023958 0.077778
0 0.450000 0.475463 0.019792 0.095370
0 0.254427 0.235185 0.015104 0.075926
0 0.106510 0.312037 0.017188 0.079630
0 0.575521 0.329167 0.023958 0.084259
0 0.585156 0.280556 0.024479 0.072222
1 0.597396 0.270370 0.006250 0.011111
0 0.607552 0.239352 0.025521 0.073148
0 0.652865 0.360648 0.028646 0.071296
0 0.634896 0.394444 0.017708 0.083333
0 0.603646 0.448611 0.018750 0.091667
0 0.669271 0.463889 0.027083 0.096296
0 0.839323 0.322685 0.017188 0.078704
0 0.951823 0.273148 0.022396 0.077778
