0 0.083333 0.248611 0.022917 0.084259
0 0.227083 0.281944 0.029167 0.080556
0 0.320052 0.312500 0.025521 0.076852
1 0.416667 0.236574 0.006250 0.013889
0 0.450781 0.208333 0.027604 0.066667
0 0.337240 0.439815 0.033854 0.094444
0 0.412760 0.330093 0.031771 0.073148
0 0.576302 0.436574 0.023438 0.095370
0 0.555729 0.388889 0.018750 0.081481
0 0.712760 0.251389 0.024479 0.084259
0 0.757292 0.305556 0.017708 0.070370
0 0.790104 0.281944 0.026042 0.086111
0 0.835156 0.371296 0.021354 0.087037
0 0.874740 0.422685 0.021354 0.091667
0 0.844010 0.178704 0.022396 0.074074
0 0.988542 0.310185 0.021875 0.085185
0 0.453646 0.787500 0.032292 0.136111
