0 0.184896 0.474537 0.016667 0.058333
0 0.208333 0.392130 0.011458 0.060185
0 0.286719 0.426389 0.011979 0.060185
0 0.274219 0.285648 0.013021 0.054630
0 0.329167 0.450463 0.016667 0.056481
0 0.382552 0.362500 0.011979 0.058333
0 0.369010 0.341667 0.011979 0.057407
0 0.331250 0.298611 0.009375 0.050926
0 0.311198 0.196759 0.008854 0.047222
0 0.434115 0.290741 0.013021 0.044444
0 0.436458 0.614815 0.014583 0.068519
0 0.534635 0.421759 0.019271 0.050926
0 0.608073 0.324537 0.016146 0.056481
0 0.633594 0.468981 0.013021 0.058333
0 0.718229 0.339815 0.018750 0.053704
1 0.594792 0.341667 0.004167 0.009259
0 0.485156 0.226389 0.007812 0.054630
0 0.465885 0.129630 0.013021 0.048148
0 0.818490 0.271296 0.018229 0.057407
0 0.906510 0.455093 0.019271 0.071296
0 0.748958 0.706019 0.021875 0.065741
