0 0.600781 0.633796 0.015104 0.054630
0 0.759375 0.650000 0.014583 0.053704
0 0.746875 0.633333 0.014583 0.051852
0 0.782552 0.587037 0.014063 0.053704
0 0.728125 0.520370 0.016667 0.048148
0 0.684115 0.509259 0.014063 0.050000
0 0.721875 0.478241 0.009375 0.049074
0 0.647135 0.409259 0.010937 0.048148
0 0.691406 0.391204 0.018229 0.047222
0 0.679167 0.352778 0.014583 0.046296
0 0.689323 0.362500 0.010937 0.045370
0 0.900000 0.366667 0.014583 0.050000
0 0.375781 0.626852 0.013021 0.059259
0 0.405208 0.637037 0.009375 0.051852
1 0.412240 0.652315 0.003646 0.006481
0 0.096094 0.614352 0.021354 0.058333
0 0.166667 0.400926 0.012500 0.046296
0 0.200000 0.287500 0.015625 0.039815
0 0.238281 0.297222 0.008854 0.042593
0 0.399219 0.504630 0.016146 0.046296
0 0.409635 0.435185 0.018229 0.046296
0 0.568229 0.467130 0.010417 0.047222
0 0.594271 0.429167 0.015625 0.045370
