0 0.162760 0.654167 0.015104 0.060185
0 0.266146 0.631481 0.014583 0.051852
0 0.313021 0.495833 0.013542 0.052778
0 0.349219 0.539815 0.014063 0.046296
0 0.377865 0.571296 0.017188 0.046296
0 0.244531 0.455093 0.009896 0.047222
0 0.313542 0.309259 0.010417 0.042593
0 0.211719 0.280556 0.011979 0.037037
0 0.368750 0.211574 0.012500 0.037963
0 0.425781 0.343056 0.015104 0.043519
0 0.460677 0.434722 0.011979 0.043519
0 0.562240 0.485185 0.016146 0.042593
0 0.563281 0.529630 0.014063 0.050000
0 0.646875 0.439352 0.014583 0.045370
0 0.592969 0.618981 0.010937 0.052778
1 0.628385 0.157407 0.004687 0.009259
0 0.696354 0.275000 0.015625 0.042593
0 0.726302 0.281019 0.016146 0.037963
0 0.733854 0.385648 0.020833 0.041667
0 0.740625 0.505093 0.018750 0.056481
0 0.573177 0.837037 0.016146 0.066667
0 0.676302 0.728241 0.018229 0.052778
