1 0.035677 0.641667 0.004687 0.009259
0 0.045833 0.615278 0.016667 0.047222
0 0.090104 0.603241 0.025000 0.037963
0 0.117188 0.591204 0.013542 0.056481
0 0.287240 0.385648 0.008854 0.049074
0 0.291406 0.321296 0.010937 0.048148
0 0.363281 0.321296 0.010937 0.040741
0 0.383594 0.407870 0.008854 0.045370
0 0.385156 0.464352 0.010937 0.043519
0 0.423438 0.357870 0.009375 0.043519
0 0.437240 0.329630 0.011979 0.042593
0 0.280469 0.551389 0.014063 0.050926
0 0.318750 0.641204 0.011458 0.060185
0 0.509115 0.463426 0.009896 0.045370
0 0.555990 0.546296 0.018229 0.048148
0 0.525000 0.234722 0.007292 0.037963
0 0.449219 0.254167 0.009896 0.041667
0 0.665885 0.298611 0.010937 0.043519
0 0.673958 0.291204 0.009375 0.039815
0 0.732031 0.435185 0.010937 0.044444
0 0.806250 0.492130 0.015625 0.050926
0 0.838021 0.537037 0.017708 0.053704
0 0.957292 0.398148 0.011458 0.050000
