0 0.285938 0.420370 0.018750 0.040741
0 0.328646 0.359259 0.011458 0.044444
0 0.317708 0.319444 0.011458 0.046296
0 0.339323 0.303704 0.007812 0.044444
0 0.333854 0.293519 0.010417 0.040741
0 0.384635 0.246296 0.009896 0.038889
0 0.421875 0.266204 0.010417 0.043519
0 0.432031 0.293981 0.008854 0.041667
0 0.222135 0.290741 0.013021 0.050000
0 0.373958 0.488426 0.013542 0.049074
0 0.384115 0.444444 0.015104 0.044444
0 0.414844 0.502315 0.020313 0.043519
1 0.408854 0.516667 0.004167 0.009259
0 0.454427 0.518056 0.013021 0.052778
0 0.502865 0.489815 0.014063 0.050000
0 0.437500 0.400926 0.014583 0.042593
0 0.484375 0.397685 0.010417 0.050926
0 0.549740 0.198148 0.006771 0.042593
0 0.640365 0.377778 0.008854 0.048148
0 0.797917 0.250000 0.008333 0.042593
0 0.831510 0.305093 0.013021 0.045370
0 0.871875 0.293056 0.014583 0.045370
0 0.885156 0.435185 0.011979 0.055556
