0 0.736458 0.825926 0.025000 0.088889
0 0.697135 0.734259 0.020313 0.083333
0 0.515365 0.750463 0.017188 0.078704
0 0.574479 0.681019 0.018750 0.071296
0 0.574479 0.603241 0.014583 0.069444
0 0.669010 0.627315 0.022396 0.073148
0 0.649740 0.613889 0.018229 0.070370
0 0.638021 0.604630 0.011458 0.064815
0 0.628906 0.571296 0.013021 0.068519
0 0.471354 0.612963 0.014583 0.070370
0 0.522656 0.516204 0.014063 0.062037
0 0.468490 0.501852 0.010937 0.066667
0 0.479167 0.462500 0.011458 0.052778
0 0.727083 0.452778 0.012500 0.055556
0 0.860417 0.591204 0.018750 0.067593
0 0.304167 0.519907 0.013542 0.058333
0 0.320833 0.523148 0.015625 0.062963
0 0.382812 0.553704 0.016667 0.055556
0 0.423958 0.566667 0.012500 0.064815
0 0.307031 0.623611 0.018229 0.071296
0 0.441667 0.650000 0.016667 0.075926
0 0.469531 0.241667 0.006771 0.038889
