0 0.263281 0.373611 0.011979 0.060185
0 0.283073 0.473611 0.013021 0.058333
0 0.384896 0.445370 0.012500 0.059259
0 0.411719 0.392130 0.014063 0.054630
0 0.473698 0.409722 0.011979 0.054630
0 0.471615 0.300000 0.010937 0.055556
0 0.516927 0.286111 0.015104 0.050000
0 0.382552 0.229630 0.010937 0.048148
0 0.326823 0.231944 0.018229 0.037963
0 0.363542 0.184722 0.010417 0.049074
0 0.448437 0.233333 0.013542 0.050000
0 0.464583 0.193519 0.012500 0.050000
0 0.559115 0.158796 0.011979 0.047222
0 0.509375 0.100926 0.019792 0.044444
1 0.504948 0.299537 0.004687 0.010185
0 0.438281 0.818519 0.014063 0.075926
0 0.238021 0.668519 0.015625 0.070370
0 0.779687 0.391667 0.010417 0.055556
0 0.663802 0.279630 0.010937 0.051852
0 0.660677 0.597685 0.013021 0.058333
0 0.864062 0.466204 0.019792 0.065741
0 0.832031 0.253241 0.011979 0.054630
