0 0.056771 0.427778 0.029167 0.094444
0 0.174219 0.444907 0.033854 0.089815
0 0.166146 0.353704 0.029167 0.085185
0 0.171875 0.275000 0.030208 0.088889
0 0.149740 0.200463 0.026562 0.076852
0 0.233594 0.177315 0.022396 0.063889
0 0.341927 0.331019 0.028646 0.078704
0 0.645312 0.373611 0.028125 0.084259
0 0.640885 0.292130 0.022396 0.063889
0 0.728906 0.277778 0.023438 0.068519
0 0.795833 0.280556 0.025000 0.075926
0 0.846875 0.386574 0.021875 0.078704
1 0.725260 0.315278 0.006771 0.010185
0 0.991406 0.352778 0.017188 0.092593
