1 0.099740 0.384722 0.007812 0.012037
0 0.120313 0.339352 0.039583 0.082407
0 0.071094 0.294907 0.032813 0.080556
0 0.227604 0.431019 0.027083 0.078704
0 0.264844 0.423148 0.023438 0.094444
0 0.297656 0.409259 0.023438 0.083333
0 0.377865 0.297685 0.021354 0.080556
0 0.309375 0.231481 0.018750 0.075926
0 0.286198 0.193981 0.017188 0.069444
0 0.493750 0.315278 0.023958 0.082407
0 0.594271 0.125000 0.017708 0.064815
0 0.646875 0.159259 0.014583 0.072222
0 0.716406 0.220370 0.017188 0.077778
0 0.715365 0.346759 0.014063 0.075000
0 0.758073 0.784259 0.021354 0.135185
0 0.910677 0.472685 0.025521 0.100926
0 0.959375 0.138426 0.017708 0.075000
