0 0.181510 0.378241 0.011979 0.037963
0 0.222656 0.372222 0.013021 0.038889
0 0.271875 0.412500 0.011458 0.049074
0 0.330469 0.463889 0.014063 0.050000
0 0.325521 0.407870 0.012500 0.041667
0 0.328906 0.391204 0.009896 0.041667
0 0.319531 0.368056 0.009896 0.045370
0 0.346615 0.378241 0.010937 0.041667
0 0.359115 0.459259 0.014063 0.050000
0 0.405990 0.381481 0.009896 0.046296
0 0.430990 0.381944 0.013021 0.041667
0 0.451562 0.472685 0.014583 0.052778
0 0.438281 0.412037 0.008854 0.042593
0 0.481510 0.412500 0.010937 0.047222
0 0.493490 0.427778 0.011979 0.042593
0 0.568750 0.397685 0.010417 0.045370
0 0.543750 0.383796 0.010417 0.045370
0 0.592448 0.468981 0.010937 0.050926
0 0.663281 0.429167 0.007812 0.047222
0 0.691406 0.445833 0.014063 0.049074
0 0.663281 0.396759 0.009896 0.043519
0 0.539583 0.860185 0.028125 0.033333
0 0.526823 0.283333 0.010937 0.031481
