0 0.177865 0.391667 0.023438 0.074074
0 0.226823 0.537500 0.028646 0.086111
0 0.275521 0.493056 0.020833 0.078704
0 0.367188 0.451852 0.019792 0.077778
0 0.305729 0.307870 0.015625 0.073148
0 0.443490 0.411111 0.026562 0.079630
0 0.484635 0.382407 0.025521 0.075926
1 0.443750 0.358333 0.007292 0.011111
0 0.477083 0.537963 0.026042 0.088889
0 0.486979 0.491204 0.022917 0.078704
0 0.986458 0.527315 0.027083 0.086111
0 0.723177 0.509259 0.027604 0.087037
0 0.733594 0.462500 0.019271 0.084259
0 0.856250 0.434259 0.026042 0.077778
0 0.653385 0.348148 0.017188 0.077778
0 0.575260 0.473611 0.013021 0.087963
0 0.570052 0.438889 0.023438 0.072222
0 0.399479 0.918519 0.030208 0.142593
