1 0.194792 0.310648 0.004167 0.006481
0 0.158333 0.298148 0.017708 0.044444
0 0.153385 0.471296 0.011979 0.059259
0 0.297396 0.342130 0.010417 0.049074
0 0.400781 0.325000 0.015104 0.050000
0 0.388021 0.191667 0.010417 0.042593
0 0.473438 0.237037 0.009375 0.048148
0 0.390625 0.603704 0.014583 0.062963
0 0.474479 0.653241 0.012500 0.056481
0 0.562500 0.551389 0.025000 0.054630
0 0.630208 0.756019 0.016667 0.062037
0 0.574219 0.428241 0.011979 0.056481
0 0.535677 0.312963 0.009896 0.051852
0 0.661198 0.405556 0.011979 0.051852
0 0.679427 0.418981 0.011979 0.050926
0 0.830729 0.300463 0.011458 0.052778
0 0.824219 0.231944 0.010937 0.049074
0 0.692187 0.140278 0.010417 0.041667
0 0.819792 0.681481 0.015625 0.066667
0 0.803385 0.641667 0.017188 0.061111
0 0.872917 0.457407 0.012500 0.059259
0 0.888021 0.484722 0.018750 0.060185
0 0.880208 0.333333 0.010417 0.055556
