0 0.319271 0.517593 0.018750 0.074074
0 0.359375 0.459259 0.018750 0.059259
0 0.373177 0.468056 0.017188 0.063889
0 0.473438 0.449537 0.013542 0.067593
0 0.489323 0.433796 0.015104 0.056481
0 0.251563 0.376389 0.015625 0.062037
0 0.339583 0.398148 0.016667 0.055556
0 0.388281 0.363426 0.020313 0.052778
0 0.433594 0.384259 0.015104 0.062963
0 0.485677 0.382870 0.018229 0.049074
0 0.544792 0.369444 0.015625 0.064815
0 0.571094 0.391667 0.017188 0.062963
0 0.516927 0.581019 0.018229 0.078704
0 0.661719 0.367130 0.013021 0.065741
0 0.733594 0.559722 0.019271 0.082407
0 0.720573 0.451852 0.017188 0.062963
0 0.722656 0.396759 0.015104 0.050926
0 0.814323 0.381019 0.015104 0.058333
0 0.636719 0.904167 0.065104 0.110185
0 0.127344 0.458796 0.018229 0.071296
