1 0.173698 0.595370 0.007812 0.016667
0 0.064844 0.546296 0.018229 0.081481
0 0.515625 0.714815 0.033333 0.098148
0 0.379948 0.460185 0.021354 0.066667
0 0.462240 0.455556 0.026562 0.072222
0 0.584115 0.616667 0.023438 0.094444
0 0.631771 0.483796 0.015625 0.084259
0 0.611979 0.372685 0.012500 0.067593
0 0.284896 0.299537 0.018750 0.062037
0 0.500260 0.351852 0.018229 0.059259
0 0.532552 0.328704 0.020313 0.062963
0 0.538021 0.305556 0.017708 0.061111
0 0.697396 0.325463 0.015625 0.069444
0 0.740885 0.471759 0.032813 0.067593
0 0.748177 0.381019 0.021354 0.065741
0 0.109896 0.323611 0.014583 0.069444
0 0.910417 0.480556 0.026042 0.070370
0 0.846875 0.324074 0.020833 0.066667
0 0.758594 0.156481 0.020313 0.048148
