0 0.006510 0.353241 0.011979 0.080556
0 0.143750 0.296759 0.019792 0.071296
0 0.223438 0.279630 0.023958 0.075926
0 0.280729 0.433333 0.031250 0.096296
0 0.282031 0.330556 0.027604 0.085185
0 0.335938 0.366204 0.019792 0.082407
0 0.413281 0.439815 0.025521 0.096296
0 0.500000 0.354630 0.028125 0.074074
0 0.566146 0.347685 0.025000 0.071296
1 0.571875 0.371296 0.005208 0.011111
0 0.479167 0.225926 0.014583 0.079630
0 0.400781 0.124074 0.019271 0.062963
0 0.537760 0.143056 0.017188 0.063889
0 0.776823 0.379630 0.019271 0.088889
0 0.686719 0.487500 0.026562 0.110185
0 0.886458 0.282870 0.025000 0.080556
0 0.733854 0.134722 0.026042 0.063889
0 0.953906 0.512500 0.026562 0.108333
0 0.646615 0.795833 0.035937 0.119444
