0 0.095573 0.458333 0.013021 0.051852
0 0.145833 0.369444 0.010417 0.053704
1 0.158073 0.390278 0.004687 0.006481
0 0.301823 0.437500 0.015104 0.045370
0 0.319010 0.628241 0.007812 0.052778
0 0.391406 0.462500 0.015104 0.047222
0 0.369271 0.321759 0.009375 0.037963
0 0.210938 0.303704 0.011458 0.042593
0 0.476302 0.201389 0.009896 0.037963
0 0.506250 0.372685 0.012500 0.043519
0 0.559375 0.374074 0.009375 0.044444
0 0.649479 0.281481 0.012500 0.040741
0 0.645312 0.455556 0.008333 0.046296
0 0.483073 0.628241 0.008854 0.037963
0 0.535156 0.558796 0.011979 0.050926
0 0.542969 0.718981 0.013021 0.056481
0 0.737240 0.699537 0.014063 0.054630
0 0.702865 0.434722 0.006771 0.049074
0 0.769010 0.459259 0.011979 0.048148
0 0.849479 0.332870 0.008333 0.045370
0 0.870313 0.525000 0.011458 0.059259
0 0.824479 0.305556 0.010417 0.042593
0 0.260937 0.771296 0.015625 0.057407
