0 0.157812 0.573148 0.017708 0.116667
0 0.395313 0.549537 0.022917 0.106481
0 0.260937 0.308333 0.018750 0.090741
0 0.297917 0.174537 0.016667 0.082407
0 0.084115 0.270370 0.022396 0.087037
0 0.084635 0.056944 0.018229 0.076852
0 0.264062 0.085185 0.014583 0.044444
0 0.290885 0.058333 0.016146 0.072222
1 0.665365 0.658333 0.009896 0.018519
0 0.527865 0.559259 0.027604 0.112963
0 0.509115 0.489352 0.032813 0.102778
0 0.485938 0.392130 0.014583 0.099074
0 0.474740 0.389352 0.011979 0.093519
0 0.722917 0.452778 0.022917 0.100000
0 0.446615 0.236574 0.015104 0.075000
0 0.587500 0.234259 0.015625 0.075926
0 0.687240 0.142593 0.019271 0.079630
