0 0.144792 0.431944 0.010417 0.039815
0 0.149479 0.355093 0.009375 0.039815
1 0.182552 0.369907 0.003646 0.004630
0 0.237760 0.291204 0.008854 0.032407
0 0.299740 0.403241 0.011979 0.036111
0 0.371094 0.418056 0.009896 0.039815
0 0.358854 0.292130 0.006250 0.032407
0 0.303385 0.712500 0.011979 0.045370
0 0.407031 0.528704 0.007812 0.040741
0 0.410417 0.335648 0.008333 0.034259
0 0.494010 0.335185 0.007812 0.037037
0 0.445312 0.212500 0.005208 0.028704
0 0.557552 0.425463 0.004687 0.036111
0 0.538542 0.468056 0.007292 0.039815
0 0.564323 0.396296 0.007812 0.037037
0 0.624219 0.577315 0.013021 0.039815
0 0.699219 0.594907 0.008854 0.045370
0 0.658854 0.381481 0.008333 0.040741
0 0.690365 0.356944 0.014063 0.036111
0 0.760938 0.425926 0.007292 0.046296
0 0.598698 0.264352 0.007812 0.032407
0 0.772396 0.280093 0.008333 0.036111
0 0.761979 0.255093 0.007292 0.034259
