0 0.136979 0.287963 0.023958 0.057407
0 0.258854 0.337037 0.018750 0.051852
0 0.346354 0.307870 0.010417 0.056481
1 0.780469 0.864815 0.008854 0.016667
0 0.754687 0.865278 0.060417 0.110185
0 0.855469 0.627778 0.029687 0.090741
0 0.821354 0.565278 0.018750 0.084259
0 0.428906 0.619444 0.021354 0.088889
0 0.394010 0.587500 0.019271 0.084259
0 0.396094 0.475000 0.022396 0.062963
0 0.435156 0.469907 0.022396 0.075000
0 0.511198 0.450463 0.016146 0.073148
0 0.477083 0.349074 0.020833 0.062963
0 0.546875 0.288889 0.017708 0.057407
0 0.610938 0.346759 0.016667 0.062037
0 0.642188 0.451389 0.012500 0.073148
0 0.800781 0.433796 0.013021 0.063889
0 0.776563 0.370833 0.014583 0.062037
0 0.902865 0.437037 0.023438 0.068519
0 0.390104 0.260185 0.017708 0.055556
0 0.451823 0.262500 0.015104 0.052778
0 0.303906 0.115278 0.010937 0.041667
