0 0.928646 0.366667 0.018750 0.087037
0 0.736198 0.398611 0.021354 0.091667
0 0.680990 0.304167 0.022396 0.069444
0 0.659635 0.280093 0.020313 0.078704
0 0.697396 0.275926 0.020833 0.066667
1 0.593750 0.253241 0.006250 0.010185
0 0.505208 0.368981 0.023958 0.082407
0 0.351562 0.456944 0.017708 0.095370
0 0.284115 0.408796 0.020313 0.087963
0 0.285938 0.365741 0.022917 0.083333
0 0.454688 0.397685 0.021875 0.089815
0 0.353906 0.296759 0.014063 0.078704
0 0.410938 0.253241 0.018750 0.076852
0 0.475000 0.160185 0.019792 0.064815
0 0.066406 0.493056 0.023438 0.106481
0 0.142448 0.810185 0.031771 0.124074
0 0.012760 0.169444 0.014063 0.072222
0 0.028385 0.148611 0.017188 0.073148
