0 0.262760 0.595833 0.027604 0.121296
0 0.377604 0.588889 0.016667 0.114815
0 0.338021 0.784722 0.020833 0.139815
0 0.363021 0.501389 0.019792 0.099074
0 0.416406 0.570833 0.018229 0.110185
0 0.442448 0.550463 0.026562 0.110185
0 0.461719 0.583333 0.025521 0.116667
0 0.490625 0.593056 0.028125 0.115741
0 0.599219 0.584722 0.049479 0.121296
0 0.641927 0.591667 0.034896 0.118519
0 0.566667 0.501852 0.013542 0.107407
0 0.713542 0.487037 0.026042 0.120370
0 0.641146 0.511574 0.027083 0.106481
0 0.652083 0.487963 0.023958 0.114815
0 0.635938 0.326852 0.018750 0.094444
0 0.217188 0.286574 0.022917 0.095370
