0 0.173958 0.523611 0.014583 0.086111
0 0.249740 0.510185 0.033854 0.090741
0 0.282813 0.481944 0.013542 0.084259
0 0.237240 0.388889 0.020313 0.079630
0 0.374219 0.443981 0.019271 0.078704
0 0.426823 0.451389 0.027604 0.078704
0 0.467187 0.598611 0.021875 0.095370
0 0.492188 0.597222 0.021875 0.094444
1 0.451042 0.275926 0.006250 0.012963
0 0.500521 0.257870 0.018750 0.067593
0 0.616667 0.370370 0.019792 0.075926
0 0.647396 0.393981 0.021875 0.080556
0 0.715885 0.627778 0.025521 0.100000
0 0.732292 0.538889 0.023958 0.085185
0 0.787760 0.494907 0.022396 0.087963
0 0.867969 0.266667 0.024479 0.066667
0 0.951823 0.709722 0.028646 0.112037
0 0.986198 0.576852 0.027604 0.094444
