0 0.033854 0.548148 0.019792 0.103704
0 0.103125 0.568981 0.023958 0.104630
0 0.138281 0.385648 0.028646 0.078704
0 0.158594 0.383333 0.018229 0.081481
0 0.258854 0.442130 0.021875 0.091667
0 0.304688 0.538426 0.020833 0.100926
0 0.397656 0.431019 0.017188 0.087963
0 0.454688 0.417593 0.020833 0.081481
0 0.570052 0.411111 0.020313 0.072222
0 0.603646 0.504167 0.027083 0.091667
0 0.641667 0.543981 0.018750 0.091667
0 0.760417 0.499537 0.028125 0.091667
1 0.857031 0.518981 0.008854 0.019444
0 0.875781 0.481481 0.027604 0.092593
0 0.398958 0.242593 0.016667 0.075926
0 0.465625 0.307407 0.017708 0.083333
0 0.489323 0.284259 0.024479 0.077778
0 0.402083 0.091667 0.016667 0.064815
0 0.238542 0.088889 0.013542 0.033333
0 0.209635 0.774537 0.019271 0.128704
