0 0.086458 0.517130 0.017708 0.039815
0 0.101823 0.522222 0.024479 0.029630
0 0.107552 0.506019 0.011979 0.043519
0 0.289583 0.591667 0.013542 0.048148
0 0.247917 0.335185 0.010417 0.050000
0 0.309896 0.391667 0.009375 0.042593
0 0.379948 0.360185 0.007812 0.042593
0 0.424740 0.308333 0.010937 0.038889
0 0.438802 0.468056 0.006771 0.041667
0 0.459896 0.437500 0.009375 0.041667
0 0.309375 0.606944 0.011458 0.049074
0 0.358333 0.547222 0.012500 0.044444
0 0.454427 0.604630 0.009896 0.046296
0 0.501823 0.350463 0.008854 0.041667
0 0.606771 0.337037 0.006250 0.042593
0 0.528125 0.475000 0.007292 0.046296
0 0.658594 0.244444 0.009896 0.037037
0 0.680469 0.506944 0.015104 0.049074
0 0.546875 0.670833 0.010417 0.050926
0 0.806771 0.463426 0.010417 0.045370
0 0.832552 0.442130 0.015104 0.047222
0 0.889583 0.582870 0.014583 0.056481
