0 0.088542 0.474074 0.022917 0.061111
0 0.136458 0.295370 0.013542 0.051852
0 0.350781 0.566204 0.013021 0.056481
0 0.411198 0.543981 0.016146 0.063889
0 0.326562 0.376389 0.013542 0.054630
0 0.322396 0.232407 0.013542 0.048148
0 0.377344 0.362037 0.010937 0.055556
0 0.437500 0.220833 0.011458 0.050926
0 0.489583 0.167593 0.009375 0.046296
1 0.495052 0.185185 0.004687 0.009259
0 0.550521 0.208796 0.016667 0.045370
0 0.560677 0.163889 0.010937 0.046296
0 0.544531 0.122685 0.008854 0.047222
0 0.632031 0.161574 0.010937 0.050926
0 0.561458 0.390278 0.010417 0.052778
0 0.676823 0.264352 0.011979 0.054630
0 0.614062 0.458796 0.011458 0.060185
0 0.669271 0.406481 0.016667 0.055556
0 0.751563 0.379630 0.009375 0.061111
0 0.762500 0.453704 0.013542 0.055556
0 0.702865 0.649074 0.020313 0.061111
0 0.906771 0.323611 0.010417 0.060185
