0 0.363542 0.735648 0.050000 0.104630
0 0.469010 0.621759 0.031771 0.099074
0 0.178906 0.503704 0.035937 0.100000
0 0.125000 0.445370 0.020833 0.092593
0 0.206771 0.301389 0.019792 0.071296
0 0.454167 0.954630 0.032292 0.075926
1 0.383854 0.783333 0.010417 0.018519
0 0.758333 0.499074 0.029167 0.103704
0 0.948177 0.659722 0.030729 0.128704
0 0.567969 0.290278 0.021354 0.075000
0 0.828125 0.263426 0.030208 0.073148
0 0.191927 0.213889 0.017188 0.059259
0 0.244271 0.202778 0.022917 0.075926
0 0.485417 0.225926 0.026042 0.077778
0 0.318490 0.431481 0.032813 0.079630
0 0.357031 0.413889 0.035937 0.096296
