0 0.229948 0.571759 0.009896 0.063889
0 0.240104 0.467130 0.011458 0.054630
0 0.232813 0.432407 0.012500 0.053704
0 0.255469 0.392593 0.013021 0.057407
0 0.296354 0.356019 0.010417 0.056481
0 0.329948 0.303704 0.010937 0.050000
0 0.345833 0.292593 0.011458 0.048148
0 0.091406 0.347685 0.014063 0.060185
0 0.388802 0.240278 0.015104 0.041667
0 0.432552 0.217130 0.006771 0.047222
0 0.510156 0.285648 0.011979 0.047222
0 0.447135 0.407407 0.013021 0.051852
0 0.482812 0.437963 0.015625 0.051852
1 0.529167 0.221296 0.004167 0.007407
0 0.678646 0.302315 0.011458 0.052778
0 0.697656 0.303241 0.014063 0.049074
0 0.677604 0.264815 0.010417 0.046296
0 0.681250 0.247222 0.016667 0.046296
0 0.512760 0.693519 0.016146 0.064815
0 0.532031 0.463889 0.011979 0.057407
0 0.682292 0.473148 0.012500 0.061111
0 0.377344 0.564815 0.017188 0.064815
0 0.942187 0.473611 0.015625 0.067593
