0 0.185156 0.450463 0.021354 0.089815
0 0.172396 0.431481 0.021875 0.085185
0 0.139323 0.325000 0.019271 0.077778
0 0.249740 0.313426 0.016146 0.075000
0 0.243490 0.278241 0.022396 0.069444
0 0.288802 0.280093 0.022396 0.082407
0 0.426563 0.299074 0.025000 0.074074
0 0.083594 0.221296 0.017188 0.070370
0 0.180729 0.216667 0.017708 0.064815
0 0.019010 0.403241 0.021354 0.087963
0 0.043229 0.392593 0.016667 0.087037
0 0.812500 0.494444 0.040625 0.081481
1 0.822917 0.517130 0.008333 0.015741
0 0.934896 0.508796 0.018750 0.093519
0 0.629948 0.375463 0.022396 0.076852
0 0.582812 0.368519 0.022917 0.074074
0 0.842969 0.318981 0.022396 0.078704
0 0.470833 0.393519 0.017708 0.070370
0 0.481510 0.240278 0.015104 0.069444
0 0.394792 0.126389 0.013542 0.062037
0 0.440625 0.935648 0.059375 0.128704
