0 0.200781 0.532407 0.011979 0.059259
1 0.202604 0.549537 0.004167 0.008333
0 0.164844 0.383333 0.010937 0.055556
0 0.331510 0.427778 0.013021 0.051852
0 0.271094 0.268981 0.010937 0.049074
0 0.379948 0.483333 0.014063 0.055556
0 0.463281 0.494907 0.011979 0.054630
0 0.441406 0.266204 0.010937 0.049074
0 0.485938 0.203241 0.008333 0.045370
0 0.495052 0.303241 0.008854 0.052778
0 0.516146 0.339815 0.009375 0.050000
0 0.592448 0.364815 0.010937 0.048148
0 0.581510 0.220833 0.009896 0.047222
0 0.610417 0.147685 0.010417 0.043519
0 0.638021 0.207407 0.011458 0.046296
0 0.668229 0.277778 0.009375 0.050000
0 0.695052 0.443981 0.015104 0.062037
0 0.756771 0.389815 0.010417 0.051852
0 0.698698 0.515278 0.009896 0.045370
0 0.757292 0.547685 0.012500 0.056481
0 0.524219 0.612963 0.011979 0.059259
0 0.779427 0.795833 0.016146 0.069444
