0 0.273177 0.642593 0.040104 0.094444
0 0.274479 0.616204 0.031250 0.104630
0 0.303385 0.633796 0.028646 0.099074
0 0.454948 0.749537 0.033854 0.162037
1 0.458594 0.670370 0.013021 0.016667
0 0.466667 0.643981 0.026042 0.093519
0 0.504427 0.648611 0.029687 0.113889
0 0.403385 0.489815 0.025521 0.103704
0 0.452604 0.426852 0.029167 0.100000
0 0.351562 0.349537 0.032292 0.084259
0 0.590885 0.772685 0.022396 0.134259
0 0.645573 0.702315 0.034896 0.119444
0 0.642448 0.629167 0.019271 0.093519
0 0.872656 0.601389 0.020313 0.119444
0 0.940365 0.637037 0.025521 0.124074
0 0.655208 0.407870 0.018750 0.097222
0 0.797135 0.393056 0.022396 0.091667
0 0.826302 0.285648 0.016146 0.095370
0 0.574479 0.191204 0.017708 0.082407
0 0.969271 0.450926 0.035417 0.088889
