0 0.126823 0.530556 0.020313 0.055556
0 0.163281 0.571759 0.016146 0.060185
0 0.166406 0.427778 0.020313 0.055556
0 0.278385 0.501852 0.022396 0.042593
0 0.280990 0.476852 0.021354 0.053704
0 0.291406 0.439352 0.015104 0.050926
1 0.259635 0.525463 0.005729 0.010185
0 0.171094 0.711574 0.019271 0.073148
0 0.408854 0.526389 0.019792 0.056481
0 0.297656 0.190278 0.015104 0.045370
0 0.385417 0.296759 0.010417 0.049074
0 0.430469 0.221296 0.016146 0.050000
0 0.447656 0.237963 0.011979 0.053704
0 0.486198 0.408333 0.018229 0.051852
0 0.581510 0.405093 0.009896 0.060185
0 0.671615 0.443981 0.013021 0.056481
0 0.767188 0.350463 0.014583 0.050926
0 0.807813 0.550463 0.015625 0.067593
0 0.359115 0.812037 0.017188 0.070370
0 0.596354 0.665741 0.019792 0.057407
0 0.230729 0.310185 0.019792 0.050000
0 0.433073 0.103241 0.013021 0.039815
