0 0.108073 0.578704 0.026562 0.094444
0 0.214844 0.572222 0.020313 0.096296
0 0.127865 0.388889 0.017188 0.064815
0 0.222135 0.364352 0.021354 0.075000
0 0.301823 0.440741 0.020313 0.074074
0 0.549740 0.594444 0.049479 0.094444
0 0.436198 0.384259 0.019271 0.074074
0 0.402865 0.325463 0.016146 0.078704
0 0.573698 0.401852 0.031771 0.068519
1 0.555729 0.429630 0.006250 0.014815
1 0.651302 0.403241 0.024479 0.078704
1 0.866667 0.583796 0.033333 0.113889
1 0.769010 0.483333 0.033854 0.075926
1 0.756510 0.448148 0.024479 0.087037
1 0.696094 0.448148 0.019271 0.085185
1 0.663281 0.335648 0.026562 0.076852
1 0.947656 0.620833 0.034896 0.110185
1 0.991406 0.485648 0.017188 0.084259
1 0.349479 0.195833 0.015625 0.056481
