0 0.121615 0.430093 0.009896 0.058333
0 0.202344 0.400926 0.017188 0.051852
0 0.218490 0.367593 0.016146 0.053704
0 0.216667 0.589815 0.017708 0.055556
0 0.395573 0.625000 0.011979 0.064815
0 0.442188 0.568056 0.012500 0.060185
0 0.429167 0.506481 0.014583 0.035185
0 0.450521 0.317130 0.011458 0.050926
0 0.358594 0.257407 0.014063 0.048148
0 0.499740 0.463889 0.017188 0.050000
0 0.513021 0.454167 0.010417 0.058333
0 0.578125 0.387037 0.015625 0.051852
0 0.658594 0.414352 0.010937 0.052778
0 0.656510 0.308796 0.015104 0.047222
0 0.622917 0.554630 0.014583 0.059259
0 0.552344 0.506481 0.017188 0.053704
0 0.738542 0.602315 0.014583 0.058333
0 0.807813 0.490278 0.017708 0.065741
0 0.824219 0.355556 0.009896 0.057407
0 0.809375 0.315741 0.015625 0.050000
0 0.821615 0.333333 0.013021 0.046296
1 0.478125 0.341667 0.004167 0.009259
