0 0.187240 0.363889 0.013021 0.048148
0 0.225521 0.406019 0.015625 0.045370
0 0.176042 0.448611 0.015625 0.054630
0 0.288542 0.251852 0.009375 0.040741
0 0.321615 0.418056 0.013021 0.050926
0 0.355469 0.419444 0.014063 0.044444
0 0.408594 0.322222 0.016146 0.044444
0 0.396094 0.283333 0.020313 0.042593
1 0.406771 0.272685 0.003125 0.006481
0 0.441146 0.250000 0.017708 0.033333
0 0.429688 0.241204 0.016667 0.036111
0 0.541146 0.407407 0.014583 0.044444
0 0.555990 0.325000 0.013021 0.044444
0 0.629948 0.378241 0.016146 0.047222
0 0.714063 0.296296 0.014583 0.046296
0 0.796615 0.414352 0.008854 0.049074
0 0.365365 0.602315 0.017188 0.050926
0 0.209375 0.690741 0.018750 0.057407
0 0.149740 0.599074 0.019271 0.055556
0 0.557813 0.543056 0.012500 0.047222
0 0.699740 0.635185 0.014063 0.055556
0 0.842969 0.460185 0.018229 0.055556
