0 0.019010 0.384722 0.019271 0.062037
0 0.344792 0.324074 0.009375 0.050000
0 0.398958 0.354167 0.008333 0.054630
0 0.405729 0.352778 0.007292 0.053704
0 0.454427 0.319907 0.011979 0.050926
0 0.502083 0.245833 0.010417 0.050926
0 0.426823 0.451389 0.015104 0.037963
0 0.457813 0.468519 0.011458 0.057407
0 0.159115 0.558333 0.021354 0.059259
0 0.211458 0.579167 0.012500 0.056481
0 0.430729 0.607407 0.010417 0.064815
0 0.601823 0.470833 0.013021 0.052778
0 0.615885 0.536111 0.009896 0.057407
0 0.672396 0.432870 0.008333 0.052778
0 0.678385 0.429167 0.007812 0.054630
0 0.633073 0.297222 0.010937 0.051852
0 0.528906 0.169444 0.008854 0.044444
0 0.813542 0.229630 0.010417 0.050000
0 0.822396 0.199537 0.010417 0.047222
0 0.861979 0.281481 0.010417 0.055556
0 0.876823 0.419907 0.010937 0.060185
0 0.838021 0.606944 0.010417 0.063889
