0 0.091927 0.325463 0.021354 0.110185
0 0.235156 0.278704 0.026562 0.083333
0 0.216146 0.187037 0.025000 0.079630
0 0.292187 0.275000 0.032292 0.109259
0 0.394531 0.305556 0.020313 0.088889
0 0.522396 0.224537 0.023958 0.080556
1 0.309635 0.243519 0.006771 0.014815
0 0.608333 0.249537 0.020833 0.080556
0 0.657031 0.412037 0.022396 0.101852
0 0.673438 0.374537 0.022917 0.097222
0 0.735156 0.497222 0.044271 0.103704
0 0.795573 0.491667 0.032813 0.114815
0 0.863281 0.319907 0.023438 0.100926
0 0.848177 0.145370 0.017188 0.079630
0 0.607292 0.070833 0.016667 0.078704
0 0.938021 0.838889 0.033333 0.151852
