0 0.291667 0.466667 0.039583 0.096296
1 0.283333 0.500000 0.009375 0.016667
0 0.421875 0.466204 0.028125 0.095370
0 0.333854 0.318519 0.022917 0.087037
0 0.250781 0.301852 0.036979 0.068519
0 0.275781 0.212037 0.022396 0.070370
0 0.282552 0.088426 0.021354 0.067593
0 0.438802 0.088426 0.013021 0.071296
0 0.550521 0.100463 0.015625 0.069444
0 0.516927 0.320370 0.035937 0.081481
0 0.521354 0.215741 0.018750 0.079630
0 0.588021 0.241667 0.019792 0.081481
0 0.464844 0.754630 0.051562 0.118519
0 0.740625 0.485648 0.031250 0.100926
0 0.664844 0.297222 0.016146 0.079630
0 0.086979 0.100000 0.025000 0.061111
0 0.139063 0.082407 0.015625 0.046296
