0 0.216927 0.690741 0.052604 0.087037
0 0.170573 0.604630 0.031771 0.105556
0 0.295052 0.393519 0.020313 0.111111
0 0.204948 0.336574 0.039062 0.117593
0 0.446615 0.517130 0.033854 0.121296
0 0.452083 0.430093 0.021875 0.087963
0 0.514062 0.434259 0.025000 0.092593
0 0.680469 0.498148 0.025521 0.122222
0 0.661458 0.426389 0.027083 0.104630
0 0.568750 0.649074 0.041667 0.170370
0 0.706771 0.266667 0.018750 0.088889
0 0.797656 0.205556 0.019271 0.092593
0 0.145052 0.182870 0.019271 0.073148
0 0.136198 0.040278 0.023438 0.078704
0 0.404948 0.146296 0.019271 0.098148
0 0.011198 0.428704 0.021354 0.107407
0 0.917448 0.625926 0.033854 0.133333
0 0.983333 0.619444 0.026042 0.133333
