0 0.122917 0.515741 0.015625 0.040741
0 0.192448 0.362037 0.009896 0.037037
0 0.242188 0.355556 0.006250 0.035185
0 0.363542 0.285648 0.010417 0.034259
0 0.269792 0.498611 0.013542 0.034259
0 0.340104 0.509259 0.010417 0.042593
0 0.381771 0.398611 0.010417 0.036111
0 0.449740 0.394907 0.014063 0.041667
0 0.420312 0.676389 0.017708 0.041667
0 0.426563 0.631944 0.010417 0.047222
0 0.529427 0.575000 0.015104 0.042593
0 0.530990 0.511111 0.011979 0.038889
0 0.594010 0.486574 0.013021 0.041667
0 0.720313 0.694444 0.015625 0.048148
0 0.727344 0.689352 0.016146 0.041667
0 0.521875 0.449074 0.010417 0.037037
0 0.611719 0.439815 0.014063 0.037037
0 0.529948 0.326389 0.009896 0.032407
0 0.620052 0.294907 0.008854 0.032407
0 0.679427 0.345370 0.009896 0.033333
0 0.727083 0.496759 0.014583 0.036111
1 0.484896 0.214815 0.004167 0.009259
