0 0.188021 0.525926 0.017708 0.048148
0 0.203125 0.544444 0.017708 0.044444
0 0.257031 0.395833 0.014063 0.052778
0 0.294010 0.301389 0.011979 0.043519
0 0.335938 0.229630 0.010417 0.040741
0 0.371094 0.266667 0.011979 0.042593
0 0.358073 0.330556 0.014063 0.044444
0 0.451302 0.340741 0.014063 0.046296
0 0.466146 0.259259 0.011458 0.042593
0 0.499479 0.418519 0.017708 0.046296
0 0.506510 0.374074 0.013021 0.044444
0 0.579948 0.417593 0.009896 0.048148
0 0.629948 0.360185 0.008854 0.050000
0 0.544531 0.520370 0.018229 0.051852
0 0.605990 0.238426 0.009896 0.041667
0 0.573438 0.186574 0.013542 0.036111
1 0.590365 0.256019 0.004687 0.006481
0 0.672917 0.278704 0.010417 0.042593
0 0.750781 0.247222 0.011979 0.042593
0 0.798177 0.289352 0.011979 0.047222
0 0.777344 0.617593 0.011979 0.051852
0 0.866667 0.416204 0.016667 0.052778
