0 0.695573 0.622222 0.025521 0.150000
0 0.717187 0.567593 0.035417 0.135185
0 0.726302 0.561574 0.026562 0.145370
0 0.587500 0.597222 0.021875 0.148148
0 0.587500 0.551852 0.027083 0.120370
0 0.637240 0.542130 0.036979 0.123148
0 0.650000 0.506481 0.067708 0.120370
0 0.678646 0.500463 0.034375 0.108333
0 0.694531 0.479167 0.029687 0.100926
0 0.733333 0.330093 0.027083 0.115741
0 0.777083 0.279630 0.027083 0.111111
0 0.233333 0.719444 0.046875 0.150000
0 0.350260 0.615741 0.025521 0.151852
0 0.388802 0.390278 0.024479 0.119444
0 0.397917 0.677778 0.051042 0.142593
0 0.418229 0.649537 0.026042 0.126852
0 0.503385 0.751852 0.033854 0.159259
0 0.183594 0.273148 0.025521 0.088889
0 0.354167 0.116204 0.026042 0.099074
