0 0.303646 0.664352 0.027083 0.113889
0 0.287500 0.599074 0.016667 0.109259
0 0.271875 0.542130 0.032292 0.104630
0 0.287240 0.394907 0.017188 0.093519
0 0.358854 0.413426 0.020833 0.095370
0 0.346875 0.503241 0.019792 0.097222
0 0.339844 0.588426 0.027604 0.110185
0 0.372396 0.582870 0.023958 0.100926
0 0.382031 0.615741 0.023438 0.098148
0 0.407031 0.656481 0.023438 0.118519
0 0.567708 0.717593 0.043750 0.118519
0 0.450000 0.789352 0.025000 0.125000
0 0.577604 0.668519 0.026042 0.116667
0 0.532292 0.491667 0.017708 0.094444
0 0.701823 0.755093 0.043229 0.119444
0 0.694010 0.436574 0.023438 0.095370
0 0.719010 0.348148 0.026562 0.088889
0 0.504687 0.250926 0.014583 0.083333
