0 0.125000 0.320370 0.015625 0.059259
0 0.284896 0.434722 0.019792 0.045370
0 0.323177 0.340741 0.010937 0.055556
1 0.309896 0.523611 0.006250 0.010185
0 0.404427 0.496759 0.021354 0.062037
0 0.361719 0.591204 0.019271 0.047222
0 0.401042 0.598148 0.018750 0.050000
0 0.393750 0.337500 0.011458 0.050926
0 0.403646 0.267130 0.013542 0.052778
0 0.438281 0.259259 0.010937 0.051852
0 0.441927 0.208796 0.016146 0.047222
0 0.479427 0.450926 0.014063 0.061111
0 0.469010 0.426852 0.014063 0.051852
0 0.527083 0.333333 0.017708 0.053704
0 0.573698 0.460185 0.009896 0.062963
0 0.583333 0.481019 0.016667 0.058333
0 0.671354 0.483796 0.010417 0.058333
0 0.647135 0.207870 0.017188 0.052778
0 0.713802 0.427315 0.010937 0.060185
0 0.804427 0.391667 0.011979 0.057407
0 0.841406 0.229630 0.018229 0.046296
0 0.916927 0.256481 0.014063 0.053704
0 0.900781 0.473148 0.015104 0.053704
