0 0.148177 0.355093 0.018229 0.043519
0 0.255990 0.503241 0.015104 0.045370
0 0.302865 0.461111 0.020313 0.040741
0 0.342969 0.361574 0.013021 0.047222
0 0.398177 0.244907 0.009896 0.037963
0 0.434635 0.236574 0.010937 0.041667
0 0.338021 0.488426 0.018750 0.052778
0 0.341406 0.481019 0.024479 0.049074
1 0.322135 0.506481 0.004687 0.009259
0 0.440365 0.553704 0.015104 0.053704
0 0.544531 0.521759 0.010937 0.052778
0 0.479687 0.351852 0.013542 0.046296
0 0.536458 0.282870 0.012500 0.045370
0 0.498958 0.728241 0.014583 0.065741
0 0.198958 0.659722 0.016667 0.065741
0 0.373437 0.653704 0.017708 0.066667
0 0.587760 0.544444 0.010937 0.055556
0 0.576042 0.515278 0.013542 0.058333
0 0.670052 0.398611 0.013021 0.056481
0 0.596094 0.241204 0.011979 0.049074
0 0.756250 0.262037 0.008333 0.050000
0 0.903385 0.574074 0.023438 0.062963
0 0.833073 0.400000 0.008854 0.057407
