1 0.192969 0.398148 0.007812 0.014815
0 0.154688 0.501389 0.032292 0.099074
0 0.161458 0.475463 0.028125 0.113889
0 0.247396 0.385185 0.035417 0.088889
0 0.268229 0.336574 0.029167 0.078704
0 0.355990 0.374074 0.027604 0.075926
0 0.369792 0.477315 0.033333 0.112037
0 0.398177 0.473611 0.027604 0.102778
0 0.501302 0.548611 0.025521 0.110185
0 0.655729 0.375926 0.026042 0.088889
0 0.664844 0.233333 0.030729 0.085185
0 0.619010 0.131481 0.019271 0.077778
0 0.586458 0.118056 0.016667 0.075000
0 0.883854 0.330093 0.027083 0.084259
0 0.904427 0.137037 0.020313 0.077778
0 0.817708 0.540741 0.019792 0.112963
0 0.813281 0.499074 0.023438 0.114815
0 0.809115 0.910185 0.036979 0.161111
