0 0.229167 0.568056 0.021875 0.119444
0 0.214323 0.559722 0.029687 0.126852
0 0.290365 0.528704 0.026562 0.107407
0 0.282813 0.500463 0.021875 0.112037
0 0.317708 0.672685 0.023958 0.125000
0 0.319010 0.601852 0.020313 0.120370
0 0.339323 0.605556 0.023438 0.131481
0 0.367708 0.601852 0.022917 0.112963
0 0.394792 0.609259 0.031250 0.125926
0 0.485156 0.762037 0.034896 0.181481
0 0.553125 0.795833 0.026042 0.125000
0 0.602083 0.757870 0.030208 0.130556
0 0.597396 0.664352 0.023958 0.128704
0 0.631771 0.464352 0.028125 0.106481
0 0.699479 0.394907 0.020833 0.102778
0 0.761719 0.370370 0.030729 0.098148
0 0.650260 0.232407 0.025521 0.088889
0 0.386719 0.341204 0.023438 0.093519
0 0.973958 0.759259 0.037500 0.135185
