0 0.242448 0.529630 0.017188 0.061111
0 0.366146 0.527315 0.015625 0.062037
0 0.368229 0.421759 0.018750 0.023148
1 0.378906 0.416667 0.003646 0.009259
0 0.407292 0.454167 0.015625 0.058333
0 0.508333 0.493519 0.012500 0.059259
0 0.411719 0.364352 0.016146 0.052778
0 0.367969 0.366204 0.034896 0.026852
0 0.282292 0.273611 0.017708 0.043519
0 0.290625 0.225926 0.008333 0.050000
0 0.359115 0.243056 0.009896 0.047222
0 0.340625 0.190278 0.008333 0.050926
0 0.168229 0.345370 0.009375 0.061111
0 0.490885 0.332870 0.010937 0.050926
0 0.541667 0.311111 0.012500 0.051852
0 0.540104 0.365741 0.009375 0.053704
0 0.604948 0.368056 0.014063 0.062037
0 0.550000 0.270370 0.012500 0.051852
0 0.511458 0.205093 0.009375 0.050926
0 0.645573 0.139352 0.013021 0.047222
0 0.748437 0.193056 0.011458 0.050926
0 0.825781 0.407870 0.010937 0.065741
