0 0.582031 0.605093 0.033854 0.136111
0 0.012500 0.545833 0.023958 0.134259
0 0.266146 0.590278 0.031250 0.143519
0 0.172135 0.439352 0.040104 0.134259
0 0.445573 0.418519 0.029687 0.070370
0 0.498177 0.423611 0.044271 0.128704
0 0.483073 0.401389 0.018229 0.117593
0 0.656771 0.365278 0.042708 0.113889
0 0.673438 0.381944 0.027083 0.125000
0 0.658073 0.558333 0.032813 0.140741
0 0.706250 0.544444 0.025000 0.133333
0 0.723698 0.495370 0.018229 0.137037
0 0.763542 0.500926 0.029167 0.137037
0 0.159375 0.193519 0.019792 0.094444
0 0.565885 0.165741 0.027604 0.114815
0 0.840885 0.222685 0.029687 0.117593
