0 0.088021 0.334722 0.012500 0.058333
0 0.298177 0.357407 0.009896 0.050000
0 0.503125 0.311574 0.010417 0.045370
0 0.520052 0.271759 0.014063 0.047222
0 0.544792 0.320833 0.010417 0.047222
0 0.566667 0.337037 0.010417 0.050000
0 0.608854 0.377778 0.012500 0.046296
0 0.594792 0.219444 0.009375 0.046296
0 0.578646 0.199537 0.012500 0.039815
0 0.403906 0.191204 0.014063 0.039815
0 0.688021 0.357407 0.011458 0.046296
0 0.714583 0.379167 0.013542 0.039815
0 0.736979 0.236111 0.015625 0.040741
0 0.716667 0.419907 0.027083 0.045370
0 0.748177 0.337037 0.011979 0.042593
0 0.491667 0.454630 0.014583 0.053704
0 0.503125 0.489815 0.014583 0.044444
0 0.701042 0.548611 0.017708 0.045370
0 0.479427 0.646759 0.014063 0.052778
1 0.556250 0.644444 0.007292 0.011111
0 0.848698 0.206481 0.011979 0.042593
0 0.861979 0.246296 0.013542 0.038889
0 0.378125 0.261574 0.011458 0.043519
