0 0.165365 0.633333 0.027604 0.111111
0 0.410156 0.840278 0.039062 0.132407
0 0.420833 0.605556 0.023958 0.101852
0 0.597135 0.506481 0.031771 0.090741
0 0.822396 0.543981 0.033333 0.100926
0 0.898698 0.607407 0.040104 0.114815
0 0.233854 0.397685 0.026042 0.087963
0 0.138542 0.402778 0.023958 0.096296
0 0.357552 0.366204 0.019271 0.086111
0 0.484375 0.347222 0.027083 0.083333
0 0.519531 0.329167 0.025521 0.082407
0 0.557552 0.292130 0.021354 0.076852
0 0.858854 0.407870 0.025000 0.091667
0 0.823177 0.407407 0.016146 0.092593
0 0.298958 0.112037 0.015625 0.072222
0 0.291146 0.214352 0.018750 0.067593
0 0.328646 0.226852 0.016667 0.072222
0 0.100781 0.131944 0.014063 0.067593
0 0.064583 0.131019 0.020833 0.060185
