0 0.156250 0.720833 0.019792 0.095370
0 0.217969 0.531019 0.016146 0.062037
0 0.234635 0.466204 0.017188 0.058333
0 0.311458 0.539815 0.021875 0.068519
0 0.409115 0.555556 0.020313 0.061111
0 0.414062 0.420370 0.011458 0.059259
0 0.395833 0.374074 0.014583 0.051852
0 0.339323 0.344444 0.011979 0.053704
0 0.393750 0.351852 0.014583 0.050000
0 0.473698 0.441667 0.016146 0.062963
1 0.568490 0.731019 0.007812 0.015741
0 0.507031 0.721759 0.018229 0.082407
0 0.621354 0.748611 0.025000 0.091667
0 0.638802 0.489815 0.018229 0.066667
0 0.596875 0.409259 0.012500 0.064815
0 0.582031 0.346296 0.011979 0.055556
0 0.693490 0.493519 0.013021 0.062963
0 0.782552 0.473148 0.015104 0.061111
0 0.846094 0.554630 0.019271 0.077778
0 0.819792 0.392593 0.013542 0.057407
0 0.493490 0.197685 0.010937 0.039815
