0 0.014583 0.383796 0.028125 0.086111
0 0.212760 0.488426 0.020313 0.091667
0 0.253385 0.514815 0.025521 0.100000
0 0.267188 0.406481 0.014583 0.085185
0 0.251302 0.309259 0.014063 0.083333
0 0.348698 0.416204 0.018229 0.086111
0 0.401823 0.440741 0.019271 0.088889
0 0.450521 0.298611 0.015625 0.076852
0 0.403906 0.215278 0.014063 0.073148
0 0.481510 0.477778 0.018229 0.100000
0 0.618229 0.400000 0.019792 0.079630
0 0.625521 0.329167 0.029167 0.075000
0 0.678646 0.300926 0.017708 0.074074
0 0.818750 0.405556 0.009375 0.012963
0 0.851562 0.400000 0.026042 0.064815
0 0.854948 0.378704 0.036979 0.074074
0 0.150000 0.895833 0.025000 0.147222
