0 0.126042 0.558796 0.017708 0.056481
0 0.157031 0.681019 0.013021 0.067593
0 0.178385 0.396759 0.015104 0.058333
0 0.203385 0.290741 0.014063 0.051852
0 0.311979 0.319444 0.014583 0.051852
0 0.315365 0.442593 0.009896 0.055556
0 0.400521 0.542593 0.018750 0.059259
0 0.437240 0.367130 0.010937 0.045370
0 0.404948 0.320833 0.009896 0.052778
0 0.375521 0.224537 0.011458 0.045370
0 0.355208 0.128241 0.013542 0.043519
0 0.464062 0.178241 0.014583 0.047222
1 0.522656 0.236574 0.004687 0.006481
0 0.599479 0.268981 0.017708 0.052778
0 0.553906 0.431481 0.010937 0.059259
0 0.624219 0.451389 0.011979 0.050926
0 0.794271 0.300926 0.018750 0.053704
0 0.800260 0.268519 0.017188 0.042593
0 0.827083 0.384722 0.010417 0.062037
0 0.884635 0.354167 0.011979 0.052778
0 0.851042 0.519907 0.020833 0.062037
