0 0.440365 0.616667 0.036979 0.088889
0 0.372396 0.638889 0.017708 0.100000
0 0.454948 0.584259 0.031771 0.085185
0 0.485156 0.528241 0.028646 0.082407
0 0.505729 0.473611 0.018750 0.080556
0 0.486979 0.456481 0.026042 0.083333
0 0.568490 0.565278 0.026562 0.091667
0 0.565104 0.506019 0.016667 0.078704
0 0.682552 0.499074 0.021354 0.085185
0 0.839323 0.673611 0.024479 0.104630
0 0.329688 0.814815 0.022917 0.122222
1 0.250260 0.501852 0.008854 0.016667
0 0.333073 0.545833 0.017188 0.091667
0 0.339323 0.495370 0.021354 0.079630
0 0.332031 0.468056 0.021354 0.073148
0 0.126562 0.484722 0.025000 0.080556
0 0.245312 0.332870 0.019792 0.075000
