0 0.139583 0.330093 0.010417 0.058333
0 0.286458 0.532407 0.009375 0.053704
0 0.359115 0.386111 0.007812 0.057407
0 0.389323 0.300926 0.009896 0.048148
0 0.460938 0.453241 0.013542 0.054630
0 0.497396 0.403241 0.009375 0.049074
0 0.471354 0.340741 0.009375 0.051852
0 0.486458 0.322685 0.007292 0.052778
0 0.617969 0.351389 0.008854 0.045370
0 0.592969 0.243981 0.013021 0.043519
0 0.538281 0.189815 0.009896 0.042593
0 0.637240 0.184259 0.008854 0.044444
0 0.644271 0.176389 0.013542 0.037963
0 0.697135 0.270370 0.013021 0.044444
1 0.695052 0.286574 0.004687 0.006481
0 0.264062 0.686574 0.011458 0.067593
0 0.695833 0.582870 0.008333 0.056481
0 0.908333 0.492130 0.022917 0.063889
0 0.734896 0.354630 0.010417 0.053704
0 0.763281 0.381944 0.016146 0.049074
0 0.880469 0.269907 0.010937 0.049074
0 0.909375 0.283796 0.015625 0.050926
