0 0.150781 0.713426 0.027604 0.058333
1 0.049219 0.664815 0.006771 0.012963
0 0.190885 0.620833 0.018229 0.058333
0 0.085938 0.478241 0.017708 0.049074
0 0.301302 0.548611 0.015104 0.047222
0 0.276562 0.433333 0.018750 0.042593
0 0.333073 0.389352 0.011979 0.039815
0 0.340625 0.361574 0.015625 0.037963
0 0.419531 0.406944 0.014063 0.045370
0 0.340885 0.537037 0.020313 0.057407
0 0.471354 0.429630 0.014583 0.046296
0 0.484896 0.356481 0.010417 0.040741
0 0.552865 0.583333 0.018229 0.057407
0 0.607812 0.529167 0.017708 0.049074
0 0.617188 0.382407 0.010417 0.040741
0 0.558073 0.362037 0.016146 0.038889
0 0.724740 0.558796 0.016146 0.058333
0 0.697396 0.389815 0.009375 0.042593
0 0.602604 0.761111 0.016667 0.077778
0 0.405729 0.790278 0.030208 0.080556
0 0.960677 0.718981 0.019271 0.078704
0 0.919792 0.529167 0.015625 0.052778
