1 0.751302 0.566204 0.011979 0.017593
0 0.451562 0.504630 0.023958 0.087037
0 0.595573 0.441204 0.016146 0.078704
0 0.576823 0.409259 0.024479 0.100000
0 0.766146 0.441204 0.028125 0.086111
0 0.806510 0.379167 0.021354 0.076852
0 0.920573 0.612037 0.031771 0.124074
0 0.009115 0.184722 0.017188 0.069444
0 0.114062 0.182870 0.023958 0.069444
0 0.182031 0.340741 0.019271 0.090741
0 0.273958 0.397222 0.030208 0.088889
0 0.427604 0.228704 0.017708 0.079630
0 0.505990 0.228704 0.021354 0.068519
0 0.362760 0.820833 0.036979 0.139815
