0 0.123698 0.608333 0.028646 0.053704
1 0.112760 0.621296 0.004687 0.007407
0 0.156771 0.548148 0.014583 0.053704
0 0.277865 0.529167 0.010937 0.062037
0 0.297656 0.580093 0.014063 0.060185
0 0.192448 0.318056 0.019271 0.052778
0 0.259896 0.399537 0.017708 0.049074
0 0.302083 0.340278 0.017708 0.034259
0 0.302865 0.328704 0.023438 0.040741
0 0.317448 0.306944 0.013021 0.050926
0 0.377083 0.364815 0.017708 0.050000
0 0.369792 0.251389 0.010417 0.047222
0 0.417448 0.485185 0.009896 0.051852
0 0.462240 0.397685 0.013021 0.052778
0 0.473177 0.312500 0.008854 0.049074
0 0.552604 0.257870 0.012500 0.049074
0 0.484115 0.188426 0.008854 0.047222
0 0.453646 0.554630 0.010417 0.059259
0 0.534115 0.558796 0.013021 0.058333
0 0.652604 0.399537 0.008333 0.056481
0 0.787760 0.334722 0.008854 0.052778
0 0.825000 0.331019 0.016667 0.054630
0 0.903385 0.496296 0.016146 0.064815
