0 0.172135 0.369444 0.011979 0.055556
0 0.262500 0.356481 0.011458 0.055556
0 0.333073 0.244444 0.009896 0.050000
0 0.311458 0.209722 0.011458 0.049074
0 0.469010 0.437037 0.007812 0.055556
0 0.064062 0.505556 0.011458 0.061111
0 0.531771 0.388889 0.010417 0.053704
0 0.527083 0.328704 0.011458 0.053704
0 0.641406 0.412037 0.019271 0.059259
0 0.587240 0.490741 0.013021 0.062963
0 0.738802 0.382870 0.011979 0.052778
0 0.714583 0.368056 0.015625 0.058333
0 0.603385 0.260185 0.014063 0.053704
0 0.589844 0.368519 0.011979 0.053704
0 0.757552 0.465278 0.016146 0.062037
0 0.684896 0.569444 0.018750 0.057407
0 0.637500 0.722222 0.016667 0.070370
0 0.761458 0.817130 0.026042 0.071296
1 0.769010 0.828241 0.005729 0.012037
0 0.805990 0.725000 0.022396 0.064815
0 0.448958 0.706944 0.011458 0.063889
0 0.535156 0.136111 0.008854 0.050000
0 0.920833 0.312500 0.015625 0.058333
