0 0.045052 0.297222 0.014063 0.059259
0 0.296615 0.390741 0.007812 0.059259
0 0.351823 0.198148 0.008854 0.044444
0 0.403646 0.293056 0.015625 0.043519
0 0.420052 0.269907 0.010937 0.049074
0 0.457031 0.352315 0.010937 0.047222
1 0.477344 0.350463 0.004687 0.010185
0 0.553385 0.319907 0.014063 0.050926
0 0.616667 0.355093 0.014583 0.052778
0 0.632031 0.239352 0.014063 0.047222
0 0.650000 0.480556 0.013542 0.040741
0 0.493750 0.518056 0.017708 0.049074
0 0.654687 0.450000 0.011458 0.046296
0 0.737760 0.360648 0.013021 0.039815
0 0.775781 0.194907 0.013021 0.045370
0 0.814063 0.173611 0.011458 0.045370
0 0.827083 0.115278 0.010417 0.043519
0 0.840625 0.260648 0.013542 0.043519
0 0.896094 0.443519 0.016146 0.046296
0 0.870833 0.601852 0.021875 0.059259
0 0.903385 0.597685 0.023438 0.043519
0 0.835156 0.843519 0.032813 0.062963
