0 0.063802 0.531019 0.025521 0.113889
0 0.130469 0.540741 0.026562 0.105556
0 0.236198 0.575926 0.023438 0.111111
0 0.228385 0.389352 0.024479 0.080556
0 0.349740 0.371296 0.021354 0.094444
0 0.406771 0.461111 0.018750 0.090741
0 0.470052 0.543056 0.029687 0.106481
0 0.542448 0.512500 0.020313 0.100926
0 0.645312 0.543056 0.028125 0.110185
0 0.666667 0.424074 0.015625 0.096296
0 0.691927 0.369907 0.025521 0.095370
0 0.670052 0.342130 0.020313 0.089815
0 0.544531 0.254167 0.022396 0.071296
1 0.510677 0.280093 0.006771 0.013889
0 0.821094 0.227778 0.016146 0.085185
0 0.959115 0.527778 0.041146 0.105556
0 0.944010 0.504630 0.027604 0.092593
0 0.927083 0.483796 0.021875 0.097222
0 0.368490 0.847685 0.036979 0.141667
