0 0.122656 0.315741 0.017188 0.055556
0 0.203906 0.320370 0.007812 0.057407
0 0.234896 0.393056 0.015625 0.050926
0 0.129948 0.459722 0.016146 0.062037
0 0.146615 0.637037 0.025521 0.075926
0 0.383854 0.319907 0.012500 0.052778
0 0.359635 0.431944 0.018229 0.063889
0 0.471875 0.335648 0.014583 0.045370
0 0.456771 0.222685 0.010417 0.047222
0 0.608854 0.270370 0.010417 0.042593
0 0.668490 0.305556 0.014063 0.051852
0 0.743229 0.356481 0.015625 0.055556
0 0.615625 0.391204 0.013542 0.054630
0 0.429427 0.670370 0.023438 0.068519
0 0.553906 0.737037 0.021354 0.085185
0 0.580990 0.635648 0.029687 0.075000
0 0.594531 0.599537 0.024479 0.071296
0 0.721875 0.543981 0.027083 0.056481
0 0.783594 0.569444 0.022396 0.066667
