0 0.191146 0.213889 0.019792 0.057407
0 0.203385 0.209722 0.014063 0.049074
0 0.294010 0.173148 0.018229 0.066667
0 0.291927 0.127778 0.019271 0.070370
1 0.312240 0.157407 0.005729 0.011111
0 0.301302 0.365741 0.015104 0.087037
0 0.325260 0.371759 0.021354 0.089815
0 0.393750 0.303704 0.020833 0.075926
0 0.507292 0.227315 0.022917 0.087963
0 0.564323 0.386574 0.020313 0.093519
0 0.580729 0.392593 0.020833 0.094444
0 0.550521 0.149537 0.019792 0.071296
0 0.635156 0.172222 0.019271 0.070370
0 0.710677 0.286111 0.020313 0.081481
0 0.756510 0.344907 0.018229 0.076852
0 0.831771 0.314352 0.020833 0.089815
0 0.829167 0.106481 0.015625 0.075926
0 0.870833 0.430556 0.019792 0.105556
0 0.968750 0.376389 0.029167 0.095370
0 0.784375 0.714815 0.032292 0.131481
