0 0.196875 0.241204 0.019792 0.047222
0 0.176823 0.321759 0.011979 0.052778
0 0.268229 0.390278 0.020833 0.047222
0 0.282292 0.352315 0.013542 0.047222
0 0.383073 0.397685 0.009896 0.047222
0 0.408854 0.206944 0.012500 0.047222
0 0.482552 0.290278 0.013021 0.047222
0 0.573438 0.278241 0.020833 0.047222
0 0.549219 0.117130 0.013021 0.045370
0 0.670833 0.096759 0.016667 0.045370
0 0.741146 0.145833 0.014583 0.043519
0 0.691667 0.374074 0.018750 0.050000
0 0.867969 0.295833 0.013021 0.050926
0 0.649479 0.508333 0.015625 0.051852
0 0.690365 0.516667 0.020313 0.048148
0 0.771354 0.486574 0.013542 0.054630
0 0.531250 0.808796 0.017708 0.060185
0 0.454688 0.385648 0.019792 0.052778
0 0.440365 0.473148 0.008854 0.051852
0 0.908594 0.074537 0.018229 0.047222
