0 0.026562 0.380093 0.029167 0.158333
0 0.086458 0.438889 0.030208 0.174074
0 0.106250 0.312963 0.030208 0.155556
0 0.373698 0.387963 0.042188 0.175926
0 0.418229 0.504167 0.029167 0.176852
0 0.433854 0.541204 0.043750 0.176852
0 0.335156 0.681019 0.026562 0.184259
0 0.446094 0.737037 0.057813 0.200000
0 0.616667 0.814815 0.060417 0.209259
0 0.740885 0.633796 0.033854 0.191667
0 0.863281 0.682870 0.060937 0.200926
0 0.805469 0.528704 0.036979 0.175926
0 0.787240 0.387500 0.054688 0.125000
1 0.811198 0.225926 0.013021 0.022222
