0 0.092188 0.612963 0.020833 0.062963
0 0.215885 0.603241 0.013021 0.060185
0 0.216146 0.787963 0.018750 0.066667
0 0.222656 0.774074 0.010937 0.066667
0 0.350000 0.558796 0.009375 0.058333
0 0.370573 0.670833 0.009896 0.065741
0 0.376042 0.785185 0.015625 0.066667
0 0.422135 0.777315 0.018229 0.076852
0 0.518490 0.650463 0.011979 0.060185
0 0.524219 0.668056 0.018229 0.056481
0 0.427865 0.487963 0.010937 0.048148
0 0.477083 0.465278 0.014583 0.045370
0 0.352604 0.337037 0.008333 0.037037
0 0.546354 0.387500 0.010417 0.043519
0 0.552604 0.446296 0.009375 0.044444
0 0.603906 0.445833 0.014063 0.049074
0 0.234375 0.440278 0.009375 0.047222
1 0.753646 0.549537 0.007292 0.010185
0 0.675000 0.686574 0.022917 0.063889
0 0.739844 0.676852 0.021354 0.050000
0 0.704948 0.523611 0.017188 0.049074
0 0.653646 0.384259 0.010417 0.040741
0 0.878385 0.397222 0.014063 0.046296
