0 0.244271 0.493056 0.011458 0.052778
0 0.340365 0.501389 0.009896 0.052778
0 0.307292 0.421296 0.012500 0.048148
0 0.412500 0.467593 0.011458 0.048148
0 0.438802 0.420370 0.011979 0.040741
0 0.442969 0.412037 0.014063 0.044444
0 0.388281 0.669907 0.010937 0.062037
0 0.394010 0.694444 0.008854 0.070370
0 0.143750 0.625463 0.011458 0.063889
0 0.475000 0.415741 0.009375 0.044444
0 0.499740 0.453241 0.011979 0.043519
0 0.483854 0.523148 0.011458 0.048148
0 0.573177 0.558333 0.011979 0.061111
0 0.587240 0.462037 0.016146 0.044444
0 0.613021 0.444907 0.009375 0.047222
0 0.652344 0.438426 0.009896 0.047222
0 0.775521 0.436574 0.011458 0.043519
0 0.844271 0.449074 0.010417 0.048148
0 0.791406 0.577778 0.024479 0.059259
0 0.797396 0.616667 0.011458 0.055556
0 0.875260 0.555556 0.024479 0.053704
