0 0.356250 0.378704 0.021875 0.103704
0 0.045573 0.500000 0.028646 0.127778
0 0.089063 0.560648 0.027083 0.128704
0 0.097917 0.474537 0.023958 0.121296
0 0.114062 0.487963 0.027083 0.124074
0 0.163021 0.476852 0.029167 0.114815
0 0.220573 0.473148 0.023438 0.118519
0 0.252344 0.479630 0.030729 0.114815
0 0.304948 0.494907 0.025521 0.115741
0 0.320312 0.477315 0.028125 0.113889
0 0.348698 0.490278 0.021354 0.108333
0 0.382031 0.482870 0.025521 0.108333
0 0.448958 0.498611 0.025000 0.108333
0 0.505990 0.489815 0.029687 0.103704
0 0.575781 0.589352 0.043229 0.119444
0 0.502865 0.668981 0.024479 0.106481
0 0.705469 0.488426 0.017188 0.110185
0 0.719792 0.482407 0.017708 0.120370
0 0.735677 0.484722 0.018229 0.115741
0 0.827344 0.591204 0.023438 0.126852
0 0.840625 0.486111 0.016667 0.111111
0 0.975521 0.561574 0.022917 0.117593
1 0.861198 0.605093 0.009896 0.019444
