0 0.239583 0.686574 0.028125 0.054630
0 0.260417 0.625463 0.018750 0.047222
0 0.355729 0.583796 0.019792 0.047222
0 0.407552 0.584722 0.017188 0.050926
0 0.536458 0.513426 0.011458 0.049074
0 0.423698 0.363889 0.015104 0.044444
0 0.472396 0.368981 0.014583 0.043519
0 0.456510 0.465278 0.017188 0.049074
0 0.512760 0.456944 0.015104 0.041667
0 0.591406 0.467130 0.009896 0.049074
0 0.531771 0.370833 0.012500 0.043519
0 0.447656 0.332407 0.009896 0.044444
0 0.468229 0.289352 0.014583 0.037963
0 0.507031 0.258796 0.010937 0.039815
0 0.545573 0.297222 0.010937 0.038889
0 0.344531 0.479630 0.019271 0.048148
0 0.271615 0.324537 0.019271 0.043519
0 0.667969 0.540741 0.015104 0.053704
0 0.683594 0.583796 0.013021 0.054630
0 0.730729 0.423611 0.010417 0.049074
0 0.850521 0.549074 0.013542 0.053704
0 0.672917 0.288426 0.009375 0.041667
1 0.230469 0.703704 0.005729 0.009259
