1 0.527344 0.484259 0.004687 0.009259
0 0.152604 0.345370 0.014583 0.040741
0 0.164844 0.356944 0.008854 0.041667
0 0.119792 0.429630 0.010417 0.044444
0 0.123698 0.532407 0.014063 0.050000
0 0.226042 0.529167 0.012500 0.045370
0 0.216146 0.569907 0.013542 0.045370
0 0.220312 0.451389 0.011458 0.045370
0 0.251302 0.670370 0.016146 0.046296
0 0.185156 0.800926 0.028646 0.057407
0 0.350000 0.433796 0.010417 0.041667
0 0.416927 0.412500 0.008854 0.039815
0 0.519792 0.386574 0.010417 0.037963
0 0.442969 0.488889 0.008854 0.035185
0 0.572917 0.531481 0.020833 0.040741
0 0.537240 0.469444 0.018229 0.040741
0 0.630990 0.499074 0.014063 0.040741
0 0.784115 0.500000 0.008854 0.048148
0 0.638281 0.323148 0.010937 0.035185
0 0.703646 0.386574 0.009375 0.039815
0 0.708333 0.364352 0.010417 0.039815
0 0.719010 0.369907 0.008854 0.039815
0 0.850260 0.381944 0.014063 0.043519
