0 0.178385 0.459722 0.010937 0.041667
0 0.135156 0.673148 0.015104 0.066667
0 0.272135 0.538889 0.013021 0.042593
0 0.384375 0.554630 0.010417 0.044444
0 0.400000 0.452315 0.009375 0.036111
0 0.350000 0.412037 0.008333 0.035185
0 0.366667 0.749074 0.021875 0.057407
0 0.487240 0.659722 0.015104 0.054630
0 0.595833 0.585648 0.014583 0.052778
0 0.623437 0.576389 0.012500 0.047222
0 0.694271 0.665278 0.012500 0.050926
0 0.719010 0.696296 0.013021 0.055556
0 0.714063 0.743981 0.012500 0.062037
0 0.739062 0.613889 0.013542 0.046296
0 0.754427 0.593519 0.013021 0.050000
0 0.528646 0.411574 0.006250 0.034259
0 0.557552 0.480556 0.009896 0.038889
0 0.553125 0.518519 0.008333 0.044444
0 0.622656 0.475000 0.007812 0.038889
0 0.623698 0.441204 0.007812 0.036111
0 0.657031 0.472222 0.008854 0.040741
0 0.825521 0.451852 0.010417 0.042593
1 0.378646 0.770370 0.005208 0.011111
