0 0.104948 0.608333 0.011979 0.046296
0 0.215885 0.687500 0.016146 0.049074
0 0.163542 0.494907 0.010417 0.037963
0 0.227865 0.476852 0.006771 0.040741
0 0.275521 0.547685 0.011458 0.041667
0 0.339844 0.510185 0.013021 0.044444
0 0.426563 0.542130 0.013542 0.036111
0 0.382552 0.617130 0.009896 0.043519
0 0.473438 0.591667 0.015625 0.040741
0 0.439063 0.717593 0.013542 0.055556
0 0.450781 0.452778 0.013021 0.038889
0 0.487500 0.494907 0.013542 0.039815
0 0.421354 0.411111 0.011458 0.037037
0 0.490625 0.420833 0.012500 0.036111
0 0.502083 0.418056 0.010417 0.037963
0 0.616927 0.475000 0.014063 0.040741
0 0.613802 0.411574 0.014063 0.039815
0 0.564063 0.314815 0.007292 0.038889
0 0.855729 0.521296 0.012500 0.046296
0 0.180469 0.405093 0.007812 0.039815
0 0.270833 0.411574 0.014583 0.036111
0 0.357812 0.444444 0.008333 0.038889
1 0.491927 0.513889 0.004687 0.007407
