0 0.148177 0.350463 0.009896 0.047222
0 0.240365 0.487500 0.010937 0.041667
0 0.259635 0.417130 0.013021 0.043519
0 0.298958 0.374074 0.007292 0.040741
0 0.350521 0.345833 0.008333 0.039815
0 0.359375 0.425000 0.011458 0.040741
0 0.389583 0.424074 0.007292 0.042593
0 0.392448 0.401389 0.008854 0.041667
0 0.370052 0.508796 0.007812 0.041667
0 0.386719 0.582407 0.010937 0.042593
0 0.592969 0.406944 0.008854 0.037963
0 0.198437 0.653704 0.016667 0.051852
0 0.239323 0.740741 0.013021 0.051852
0 0.325000 0.681481 0.012500 0.051852
0 0.352083 0.662963 0.012500 0.046296
0 0.597396 0.725463 0.010417 0.052778
0 0.639583 0.556944 0.009375 0.049074
0 0.650781 0.291204 0.006771 0.036111
0 0.676823 0.323148 0.011979 0.037037
0 0.756250 0.378704 0.010417 0.042593
0 0.801302 0.399074 0.009896 0.046296
0 0.876302 0.608796 0.009896 0.067593
1 0.502083 0.703704 0.004167 0.007407
