0 0.297135 0.464352 0.014063 0.056481
0 0.308854 0.383333 0.014583 0.055556
0 0.329948 0.311111 0.010937 0.053704
0 0.373698 0.387963 0.013021 0.053704
0 0.423958 0.393981 0.010417 0.050926
0 0.438281 0.455093 0.011979 0.052778
0 0.489583 0.443056 0.012500 0.054630
0 0.484375 0.372222 0.013542 0.055556
0 0.525781 0.347685 0.016146 0.052778
0 0.586979 0.374537 0.009375 0.058333
0 0.402865 0.588426 0.014063 0.065741
0 0.454427 0.119907 0.010937 0.052778
0 0.444271 0.286111 0.012500 0.055556
0 0.622396 0.250926 0.011458 0.051852
0 0.633073 0.224537 0.014063 0.050926
0 0.667188 0.373611 0.014583 0.058333
0 0.660156 0.478704 0.015104 0.057407
1 0.651823 0.492130 0.005729 0.008333
0 0.652083 0.673148 0.016667 0.070370
0 0.880990 0.517130 0.010937 0.067593
0 0.784375 0.337963 0.010417 0.057407
