0 0.046094 0.468519 0.024479 0.090741
0 0.136979 0.636111 0.030208 0.109259
0 0.137500 0.780093 0.029167 0.119444
0 0.315625 0.419444 0.021875 0.087037
0 0.418750 0.474074 0.019792 0.088889
0 0.465625 0.528704 0.018750 0.090741
0 0.380208 0.302315 0.016667 0.080556
0 0.506510 0.477315 0.018229 0.089815
0 0.663021 0.423611 0.015625 0.082407
0 0.734375 0.408333 0.015625 0.085185
0 0.951562 0.567593 0.023958 0.109259
0 0.883854 0.600000 0.033333 0.057407
1 0.963021 0.541667 0.006250 0.014815
0 0.023177 0.121296 0.013021 0.064815
