0 0.186719 0.631019 0.018229 0.060185
0 0.203906 0.481019 0.017188 0.063889
0 0.354948 0.504167 0.015104 0.054630
0 0.248177 0.373611 0.014063 0.054630
0 0.366927 0.412037 0.014063 0.057407
0 0.363542 0.261111 0.010417 0.050000
1 0.238542 0.162963 0.004167 0.009259
0 0.303646 0.294907 0.013542 0.049074
0 0.514323 0.477315 0.008854 0.052778
0 0.522396 0.471296 0.012500 0.053704
0 0.509115 0.351852 0.016146 0.051852
0 0.548438 0.296296 0.012500 0.053704
0 0.663542 0.419907 0.013542 0.058333
0 0.664583 0.381019 0.007292 0.052778
0 0.677083 0.280093 0.013542 0.050926
0 0.713281 0.272685 0.013021 0.052778
0 0.784375 0.455556 0.010417 0.061111
0 0.802604 0.343056 0.010417 0.060185
0 0.601823 0.519444 0.009896 0.061111
0 0.261979 0.769907 0.016667 0.069444
0 0.482812 0.650463 0.017708 0.062037
0 0.730469 0.754630 0.016146 0.066667
