0 0.194792 0.531944 0.017708 0.071296
0 0.138281 0.313889 0.011979 0.059259
0 0.345573 0.366204 0.016146 0.060185
0 0.356250 0.288426 0.008333 0.060185
0 0.285677 0.169444 0.013021 0.050000
1 0.311458 0.193056 0.004167 0.008333
0 0.396875 0.162963 0.016667 0.050000
0 0.469010 0.198611 0.010937 0.050926
0 0.479687 0.198611 0.011458 0.054630
0 0.540365 0.385648 0.021354 0.056481
0 0.582552 0.276389 0.013021 0.060185
0 0.620313 0.322222 0.011458 0.055556
0 0.622135 0.163889 0.015104 0.050000
0 0.626563 0.132407 0.016667 0.044444
0 0.603385 0.443981 0.014063 0.060185
0 0.585156 0.548148 0.010937 0.064815
0 0.661979 0.259722 0.010417 0.054630
0 0.660937 0.217593 0.011458 0.053704
0 0.686719 0.292593 0.010937 0.062963
0 0.742708 0.418519 0.012500 0.061111
0 0.689063 0.404630 0.013542 0.062963
0 0.655729 0.825463 0.019792 0.073148
