0 0.015625 0.511574 0.029167 0.099074
0 0.210938 0.440741 0.021875 0.083333
0 0.290885 0.510648 0.025521 0.091667
0 0.290625 0.454630 0.029167 0.090741
0 0.220312 0.343981 0.022917 0.080556
0 0.149219 0.320370 0.018229 0.081481
0 0.346094 0.381944 0.022396 0.084259
0 0.478906 0.455556 0.025521 0.081481
0 0.489323 0.417130 0.016146 0.076852
1 0.578906 0.343981 0.006771 0.013889
0 0.568490 0.301389 0.019271 0.078704
0 0.680729 0.393056 0.025000 0.080556
0 0.719271 0.491204 0.022917 0.095370
0 0.758073 0.460185 0.027604 0.094444
0 0.379167 0.911111 0.026042 0.133333
