0 0.119010 0.343981 0.014063 0.063889
0 0.143490 0.282407 0.015104 0.059259
0 0.209896 0.237037 0.014583 0.053704
0 0.294792 0.403241 0.013542 0.067593
0 0.308333 0.414352 0.021875 0.063889
0 0.012760 0.483796 0.016146 0.076852
0 0.076823 0.697222 0.024479 0.096296
0 0.372396 0.713889 0.028125 0.094444
0 0.413281 0.709259 0.031771 0.105556
0 0.556510 0.719444 0.022396 0.096296
0 0.542188 0.558796 0.015625 0.073148
0 0.469792 0.425926 0.017708 0.038889
0 0.498958 0.441667 0.014583 0.070370
0 0.602865 0.527315 0.027604 0.067593
0 0.569010 0.243981 0.009896 0.054630
0 0.587760 0.295370 0.013021 0.062963
0 0.649479 0.335648 0.017708 0.062037
0 0.667188 0.821759 0.031250 0.104630
0 0.886198 0.479630 0.032813 0.081481
