0 0.735417 0.876852 0.032292 0.140741
0 0.433073 0.487037 0.028646 0.085185
0 0.336719 0.443056 0.020313 0.089815
0 0.203646 0.410648 0.019792 0.095370
0 0.259115 0.331019 0.015104 0.067593
0 0.265104 0.277778 0.022917 0.055556
1 0.275781 0.294444 0.005729 0.012963
0 0.252865 0.267130 0.014063 0.067593
0 0.386458 0.418519 0.019792 0.085185
0 0.419792 0.209722 0.018750 0.067593
0 0.499219 0.296759 0.020313 0.080556
0 0.573177 0.344907 0.016146 0.073148
0 0.580729 0.318981 0.016667 0.084259
0 0.738021 0.418056 0.027083 0.087963
0 0.818229 0.484259 0.037500 0.098148
0 0.841927 0.288426 0.016146 0.075000
0 0.894792 0.199074 0.016667 0.070370
0 0.831771 0.115741 0.013542 0.064815
