0 0.280208 0.775926 0.013542 0.068519
0 0.270052 0.591667 0.014063 0.050000
0 0.495833 0.515741 0.014583 0.057407
0 0.484115 0.446759 0.011979 0.056481
0 0.329688 0.398148 0.011458 0.048148
0 0.377604 0.307870 0.013542 0.049074
0 0.457031 0.423611 0.011979 0.052778
0 0.486979 0.344444 0.009375 0.046296
0 0.532813 0.337963 0.012500 0.061111
0 0.508854 0.259259 0.012500 0.050000
0 0.463281 0.187500 0.014063 0.049074
0 0.497656 0.168981 0.010937 0.047222
0 0.103125 0.324537 0.015625 0.065741
0 0.619792 0.595833 0.021875 0.060185
1 0.607292 0.598148 0.006250 0.012963
0 0.604427 0.369444 0.015104 0.048148
0 0.641667 0.330556 0.009375 0.050000
0 0.735156 0.331019 0.007812 0.054630
0 0.748958 0.377315 0.012500 0.058333
0 0.648698 0.180093 0.011979 0.050926
0 0.860677 0.234259 0.016146 0.051852
0 0.904948 0.250000 0.010937 0.055556
0 0.917448 0.501852 0.013021 0.070370
