0 0.110417 0.541667 0.026042 0.094444
0 0.239844 0.467593 0.027604 0.075926
0 0.222917 0.384259 0.027083 0.075926
0 0.411979 0.455556 0.020833 0.081481
0 0.427865 0.378704 0.014063 0.075926
0 0.447135 0.370833 0.019271 0.076852
0 0.488021 0.413426 0.018750 0.078704
0 0.467708 0.537963 0.025000 0.087037
0 0.459375 0.492593 0.025000 0.066667
1 0.452604 0.568981 0.006250 0.015741
0 0.634375 0.600463 0.017708 0.095370
0 0.519271 0.655093 0.027083 0.106481
0 0.789062 0.551389 0.016667 0.084259
0 0.658594 0.498148 0.029687 0.081481
0 0.653906 0.422685 0.025521 0.078704
0 0.615625 0.388889 0.014583 0.077778
0 0.569010 0.268056 0.016146 0.065741
0 0.724479 0.435648 0.019792 0.080556
0 0.900521 0.402778 0.016667 0.077778
0 0.989062 0.470370 0.018750 0.088889
