0 0.208854 0.387500 0.019792 0.047222
0 0.264583 0.605556 0.013542 0.057407
0 0.313542 0.516204 0.011458 0.058333
0 0.435156 0.498148 0.009896 0.050000
0 0.405990 0.337037 0.015104 0.046296
0 0.351823 0.265278 0.013021 0.041667
0 0.375260 0.221296 0.010937 0.038889
0 0.425000 0.262500 0.010417 0.043519
0 0.444792 0.194907 0.013542 0.032407
0 0.488802 0.188889 0.015104 0.038889
0 0.522917 0.355093 0.012500 0.041667
0 0.604688 0.234722 0.012500 0.032407
0 0.639323 0.221296 0.008854 0.040741
0 0.647656 0.292593 0.013021 0.038889
0 0.694271 0.239352 0.007292 0.043519
0 0.749219 0.307870 0.009896 0.043519
0 0.794792 0.237963 0.008333 0.046296
0 0.793229 0.539352 0.009375 0.050926
0 0.583333 0.579630 0.014583 0.059259
0 0.607812 0.359722 0.010417 0.039815
0 0.882031 0.322685 0.017188 0.054630
1 0.646354 0.254167 0.004167 0.006481
