0 0.052865 0.442130 0.017188 0.069444
0 0.104948 0.438889 0.013021 0.068519
0 0.026042 0.628241 0.018750 0.076852
0 0.017969 0.695370 0.020313 0.088889
0 0.247135 0.706481 0.017188 0.083333
0 0.013802 0.343981 0.016146 0.054630
0 0.510938 0.257407 0.009375 0.044444
0 0.398438 0.303241 0.011458 0.050926
0 0.339323 0.472685 0.013021 0.062037
0 0.512500 0.395370 0.013542 0.057407
0 0.536198 0.450463 0.010937 0.058333
0 0.620833 0.572685 0.015625 0.071296
0 0.586458 0.359259 0.013542 0.053704
0 0.644531 0.356481 0.013021 0.053704
0 0.722135 0.328704 0.008854 0.050000
0 0.742708 0.306481 0.010417 0.048148
0 0.802865 0.388426 0.010937 0.058333
0 0.866667 0.361574 0.017708 0.062037
0 0.908073 0.485185 0.014063 0.070370
0 0.860156 0.776389 0.022396 0.093519
