0 0.173698 0.574074 0.017188 0.040741
0 0.183854 0.465278 0.018750 0.032407
0 0.210156 0.341667 0.016146 0.027778
0 0.231771 0.379167 0.014583 0.034259
0 0.239063 0.525926 0.017708 0.042593
0 0.238021 0.635185 0.025000 0.037037
0 0.222135 0.686574 0.019271 0.047222
0 0.305469 0.596296 0.009896 0.050000
1 0.467187 0.702778 0.004167 0.007407
0 0.485417 0.693981 0.017708 0.045370
0 0.388802 0.489815 0.013021 0.038889
0 0.378906 0.437963 0.014063 0.038889
0 0.398438 0.399537 0.011458 0.041667
0 0.453906 0.274537 0.007812 0.036111
0 0.507552 0.303704 0.007812 0.038889
0 0.622656 0.507870 0.014063 0.043519
0 0.690104 0.447222 0.010417 0.042593
0 0.700521 0.289815 0.011458 0.035185
0 0.531771 0.619907 0.018750 0.036111
0 0.576823 0.700000 0.017188 0.050000
0 0.675521 0.696296 0.013542 0.051852
0 0.861719 0.493981 0.016146 0.041667
0 0.946354 0.432407 0.009375 0.046296
