1 0.723958 0.664815 0.006250 0.012963
0 0.752865 0.667593 0.015104 0.081481
0 0.511719 0.668056 0.017188 0.080556
0 0.835417 0.552778 0.010417 0.072222
0 0.717969 0.449537 0.011979 0.060185
0 0.724219 0.378241 0.007812 0.056481
0 0.558594 0.309722 0.009896 0.045370
0 0.423177 0.553704 0.010937 0.072222
0 0.457292 0.459259 0.012500 0.057407
0 0.475000 0.460185 0.014583 0.061111
0 0.241927 0.427778 0.010937 0.059259
0 0.225260 0.374074 0.014063 0.051852
0 0.263542 0.333333 0.008333 0.048148
0 0.261719 0.300926 0.016146 0.051852
0 0.344531 0.296759 0.010937 0.045370
0 0.365104 0.365278 0.009375 0.047222
0 0.403125 0.340278 0.013542 0.054630
0 0.409375 0.287500 0.009375 0.049074
0 0.462240 0.312500 0.009896 0.049074
0 0.178646 0.459259 0.014583 0.059259
