0 0.184635 0.596296 0.014063 0.057407
0 0.208854 0.462963 0.010417 0.057407
0 0.276562 0.563889 0.013542 0.059259
0 0.049740 0.321759 0.007812 0.054630
0 0.314063 0.275000 0.010417 0.046296
0 0.283594 0.687963 0.014063 0.062963
0 0.385417 0.561574 0.015625 0.060185
0 0.400000 0.648611 0.015625 0.062037
0 0.405469 0.725463 0.015104 0.058333
0 0.488021 0.742130 0.019792 0.062037
0 0.539323 0.569444 0.016146 0.046296
0 0.566667 0.597685 0.017708 0.058333
0 0.601823 0.495370 0.010937 0.051852
0 0.622656 0.415278 0.016146 0.049074
0 0.567969 0.351852 0.015104 0.042593
0 0.517969 0.329630 0.017188 0.042593
1 0.535937 0.375926 0.004167 0.007407
0 0.783594 0.442593 0.009896 0.051852
0 0.831250 0.516204 0.013542 0.056481
0 0.833073 0.381944 0.019271 0.045370
0 0.839323 0.281481 0.010937 0.046296
0 0.827083 0.274074 0.010417 0.044444
0 0.539062 0.164815 0.011458 0.038889
