0 0.328646 0.620833 0.012500 0.065741
0 0.330729 0.563426 0.013542 0.054630
0 0.385156 0.541204 0.016146 0.058333
0 0.398958 0.514815 0.012500 0.050000
0 0.420052 0.566204 0.011979 0.060185
0 0.446354 0.546759 0.011458 0.058333
0 0.381771 0.425926 0.014583 0.046296
0 0.504167 0.542593 0.010417 0.051852
0 0.477865 0.473148 0.010937 0.053704
0 0.470313 0.431481 0.010417 0.044444
0 0.502344 0.483796 0.010937 0.052778
0 0.556771 0.500000 0.012500 0.046296
0 0.579948 0.459259 0.008854 0.048148
0 0.559115 0.770833 0.018229 0.076852
0 0.627344 0.607870 0.011979 0.062037
0 0.668750 0.530556 0.009375 0.055556
0 0.678906 0.424537 0.008854 0.045370
1 0.826562 0.862037 0.006250 0.011111
0 0.830729 0.877315 0.028125 0.086111
0 0.785937 0.702315 0.023958 0.071296
0 0.787240 0.606944 0.016146 0.054630
0 0.745313 0.578704 0.013542 0.055556
0 0.473698 0.280556 0.008854 0.033333
