0 0.122656 0.624074 0.014063 0.050000
0 0.139583 0.624074 0.011458 0.051852
0 0.144792 0.568056 0.015625 0.049074
0 0.199740 0.667593 0.011979 0.055556
0 0.229948 0.614352 0.011979 0.043519
0 0.309375 0.550000 0.012500 0.046296
0 0.298177 0.524537 0.010937 0.047222
0 0.329167 0.576389 0.015625 0.043519
0 0.362760 0.672222 0.009896 0.051852
0 0.394010 0.631944 0.017188 0.043519
0 0.404948 0.616204 0.011979 0.047222
0 0.426302 0.541204 0.017188 0.041667
0 0.351823 0.469444 0.015104 0.042593
0 0.376302 0.415741 0.008854 0.038889
0 0.484635 0.409722 0.007812 0.039815
0 0.467969 0.550000 0.006771 0.040741
1 0.469010 0.521759 0.004687 0.006481
0 0.498177 0.260648 0.009896 0.032407
0 0.248958 0.360648 0.011458 0.047222
0 0.676562 0.641204 0.010417 0.054630
0 0.715365 0.413889 0.010937 0.037037
0 0.886198 0.370370 0.008854 0.042593
0 0.923177 0.457870 0.006771 0.050926
