0 0.578646 0.119907 0.008333 0.049074
0 0.588802 0.110648 0.015104 0.039815
0 0.645052 0.108333 0.016146 0.044444
0 0.629948 0.187500 0.017188 0.049074
0 0.671354 0.156019 0.010417 0.049074
0 0.721094 0.223148 0.010937 0.051852
0 0.608333 0.271296 0.007292 0.055556
0 0.640625 0.299537 0.012500 0.052778
0 0.646354 0.305556 0.016667 0.048148
0 0.749479 0.326389 0.018750 0.056481
0 0.574479 0.395833 0.010417 0.054630
0 0.469271 0.531481 0.015625 0.062963
0 0.568490 0.535185 0.013021 0.059259
0 0.670312 0.666204 0.025000 0.071296
0 0.768490 0.524074 0.019271 0.061111
0 0.359115 0.200463 0.008854 0.047222
0 0.363021 0.352315 0.013542 0.056481
0 0.373437 0.398148 0.010417 0.057407
0 0.112500 0.500000 0.013542 0.066667
0 0.184635 0.294907 0.019271 0.054630
0 0.372396 0.847222 0.027083 0.068519
