0 0.126302 0.487963 0.013021 0.053704
0 0.177865 0.347222 0.014063 0.055556
0 0.288281 0.256944 0.018229 0.056481
0 0.322396 0.344444 0.017708 0.046296
0 0.247656 0.529630 0.014063 0.066667
0 0.336458 0.568519 0.013542 0.062963
0 0.497396 0.664815 0.014583 0.064815
0 0.495833 0.456481 0.013542 0.053704
0 0.392448 0.375926 0.010937 0.051852
0 0.418229 0.356481 0.012500 0.050000
0 0.362760 0.156944 0.017188 0.045370
1 0.341406 0.140741 0.003646 0.007407
0 0.339062 0.125926 0.015625 0.038889
0 0.312500 0.139352 0.015625 0.036111
0 0.457552 0.176852 0.017188 0.046296
0 0.458073 0.154167 0.016146 0.043519
0 0.582812 0.284259 0.014583 0.051852
0 0.644531 0.177315 0.007812 0.049074
0 0.760677 0.220370 0.009896 0.051852
0 0.789323 0.362963 0.014063 0.046296
0 0.804427 0.325926 0.014063 0.055556
0 0.861979 0.413889 0.017708 0.061111
