0 0.135937 0.203241 0.023958 0.097222
0 0.332552 0.368519 0.023438 0.092593
0 0.459375 0.448611 0.032292 0.108333
0 0.504948 0.305093 0.024479 0.095370
0 0.633333 0.386111 0.020833 0.107407
0 0.642969 0.463426 0.026562 0.095370
0 0.645833 0.556944 0.023958 0.113889
0 0.633854 0.575463 0.048958 0.113889
0 0.660417 0.851852 0.042708 0.118519
0 0.722656 0.775000 0.046354 0.135185
0 0.620833 0.122685 0.021875 0.076852
0 0.781510 0.203241 0.019271 0.093519
0 0.915885 0.343056 0.041146 0.097222
1 0.486979 0.501852 0.010417 0.018519
