0 0.123698 0.508796 0.023438 0.049074
1 0.093229 0.503241 0.009375 0.015741
0 0.153906 0.463889 0.035937 0.048148
0 0.289844 0.510648 0.021354 0.099074
0 0.495833 0.398611 0.041667 0.086111
0 0.452865 0.376389 0.026562 0.078704
0 0.421094 0.314352 0.020313 0.082407
0 0.482292 0.202315 0.014583 0.067593
0 0.731510 0.162500 0.029687 0.078704
0 0.813021 0.221759 0.014583 0.075000
0 0.719271 0.512037 0.020833 0.090741
0 0.788021 0.625000 0.026042 0.107407
0 0.832812 0.603241 0.022917 0.102778
0 0.887500 0.385185 0.016667 0.083333
0 0.989323 0.656481 0.021354 0.109259
