0 0.083594 0.420833 0.018229 0.056481
0 0.195312 0.258333 0.009375 0.046296
0 0.299479 0.325926 0.012500 0.048148
0 0.388802 0.375000 0.010937 0.050000
0 0.388281 0.363426 0.013021 0.045370
0 0.532031 0.417130 0.010937 0.049074
0 0.404167 0.234722 0.008333 0.045370
0 0.533854 0.142130 0.009375 0.041667
0 0.635677 0.340278 0.010937 0.049074
0 0.221615 0.563889 0.018229 0.050000
1 0.231250 0.588426 0.005208 0.008333
0 0.405729 0.654167 0.015625 0.063889
0 0.319792 0.496759 0.013542 0.049074
0 0.477344 0.553241 0.013021 0.047222
0 0.546094 0.554630 0.014063 0.057407
0 0.700000 0.483796 0.017708 0.056481
0 0.681771 0.336574 0.012500 0.050926
0 0.674479 0.246296 0.010417 0.044444
0 0.693750 0.256481 0.009375 0.046296
0 0.639844 0.871296 0.033854 0.053704
0 0.715885 0.694444 0.013021 0.064815
