0 0.143229 0.349537 0.020833 0.047222
0 0.147396 0.550000 0.019792 0.062963
0 0.221354 0.447685 0.013542 0.054630
0 0.274479 0.405556 0.011458 0.044444
0 0.295052 0.437500 0.013021 0.056481
0 0.327344 0.612963 0.013021 0.062963
0 0.322396 0.438889 0.014583 0.044444
0 0.318490 0.431019 0.015104 0.047222
0 0.359635 0.322222 0.014063 0.048148
0 0.332552 0.309259 0.015104 0.051852
0 0.421354 0.539815 0.011458 0.055556
0 0.467969 0.687963 0.015104 0.066667
0 0.399219 0.367593 0.020313 0.050000
0 0.399740 0.306019 0.011979 0.052778
0 0.507552 0.513889 0.011979 0.055556
0 0.523698 0.531019 0.018229 0.056481
0 0.544531 0.500926 0.014063 0.059259
0 0.629948 0.400463 0.019271 0.052778
0 0.573698 0.254167 0.009896 0.049074
0 0.720313 0.272222 0.010417 0.051852
0 0.800000 0.405093 0.008333 0.060185
0 0.853646 0.577315 0.014583 0.065741
1 0.283073 0.419907 0.006771 0.010185
