0 0.127083 0.279167 0.013542 0.060185
0 0.213802 0.307407 0.016146 0.057407
0 0.171615 0.455093 0.013021 0.054630
0 0.272656 0.520370 0.010937 0.059259
0 0.294010 0.394444 0.009896 0.059259
0 0.278125 0.331481 0.010417 0.055556
0 0.285417 0.290278 0.011458 0.056481
0 0.304427 0.270833 0.016146 0.052778
0 0.349219 0.426389 0.014063 0.063889
0 0.398958 0.305556 0.010417 0.053704
0 0.429427 0.310185 0.016146 0.057407
0 0.461979 0.428704 0.010417 0.059259
0 0.518490 0.336111 0.014063 0.053704
0 0.457031 0.255093 0.009896 0.054630
0 0.441667 0.228704 0.013542 0.051852
0 0.405990 0.205556 0.008854 0.051852
0 0.504167 0.199074 0.009375 0.050000
0 0.616927 0.325926 0.011979 0.057407
0 0.638021 0.287500 0.010417 0.056481
0 0.587500 0.184722 0.012500 0.052778
0 0.734635 0.274074 0.017188 0.057407
0 0.949740 0.455556 0.022396 0.079630
