0 0.310156 0.798148 0.042188 0.124074
1 0.557031 0.353704 0.009896 0.012963
0 0.233594 0.471296 0.020313 0.079630
0 0.220052 0.430093 0.021354 0.069444
0 0.174219 0.390741 0.019271 0.081481
0 0.159635 0.287500 0.014063 0.075000
0 0.260417 0.305093 0.018750 0.078704
0 0.316146 0.367130 0.019792 0.058333
0 0.364323 0.350000 0.016146 0.070370
0 0.366667 0.243056 0.019792 0.073148
0 0.496354 0.382870 0.016667 0.069444
0 0.516667 0.377778 0.017708 0.075926
0 0.571094 0.331944 0.015104 0.069444
0 0.012760 0.239815 0.019271 0.081481
0 0.138802 0.063426 0.013021 0.054630
0 0.734115 0.468981 0.024479 0.084259
0 0.625000 0.468519 0.023958 0.074074
