0 0.030469 0.722685 0.030729 0.115741
0 0.032552 0.643981 0.025521 0.102778
0 0.245573 0.669907 0.032813 0.104630
0 0.125260 0.822222 0.021354 0.124074
0 0.206510 0.493056 0.020313 0.095370
1 0.851042 0.825926 0.010417 0.024074
0 0.871354 0.684722 0.026042 0.108333
0 0.819792 0.651389 0.025000 0.108333
0 0.842969 0.640278 0.023438 0.112037
0 0.534896 0.404167 0.018750 0.087963
0 0.640104 0.300000 0.023958 0.074074
0 0.442708 0.490741 0.018750 0.094444
0 0.486719 0.536574 0.018229 0.095370
0 0.483333 0.263889 0.020833 0.075926
0 0.210677 0.281019 0.019271 0.080556
