0 0.140365 0.542593 0.014063 0.044444
0 0.164844 0.551852 0.013021 0.042593
0 0.173698 0.538889 0.019271 0.042593
1 0.160156 0.568981 0.004687 0.008333
0 0.246875 0.683796 0.015625 0.052778
0 0.245833 0.533796 0.011458 0.049074
0 0.365625 0.532870 0.009375 0.037963
0 0.395052 0.689815 0.015104 0.048148
0 0.234896 0.402778 0.018750 0.027778
0 0.201563 0.396296 0.010417 0.037037
0 0.254688 0.360648 0.014583 0.045370
0 0.288802 0.380093 0.014063 0.047222
0 0.342448 0.416204 0.017188 0.043519
0 0.434115 0.366204 0.017188 0.047222
0 0.457031 0.687037 0.017188 0.057407
0 0.532031 0.625926 0.010937 0.055556
0 0.851042 0.631019 0.015625 0.060185
0 0.702344 0.512500 0.013021 0.049074
0 0.766406 0.348148 0.016146 0.046296
0 0.853646 0.425000 0.019792 0.050000
0 0.932292 0.425463 0.012500 0.049074
0 0.905469 0.654167 0.013021 0.054630
