0 0.067969 0.520370 0.034896 0.085185
0 0.029687 0.331019 0.021875 0.078704
0 0.164062 0.372222 0.027083 0.070370
0 0.152083 0.461574 0.023958 0.080556
0 0.322396 0.512037 0.033333 0.087037
0 0.262760 0.205093 0.017188 0.054630
0 0.334115 0.213889 0.017188 0.062963
0 0.526042 0.418056 0.033333 0.065741
0 0.514062 0.303704 0.015625 0.072222
0 0.513542 0.218056 0.013542 0.062037
0 0.593490 0.315741 0.026562 0.072222
0 0.656250 0.233333 0.013542 0.066667
0 0.725781 0.232870 0.021354 0.063889
0 0.762760 0.470833 0.029687 0.076852
0 0.567448 0.636574 0.030729 0.102778
1 0.615104 0.645833 0.007292 0.013889
0 0.682031 0.887500 0.032813 0.137963
0 0.912240 0.503704 0.033854 0.094444
0 0.723437 0.055556 0.012500 0.050000
