0 0.128646 0.326389 0.012500 0.050926
0 0.334896 0.410185 0.011458 0.050000
0 0.369792 0.341667 0.011458 0.044444
0 0.402083 0.262500 0.009375 0.039815
0 0.420573 0.415278 0.011979 0.045370
0 0.412500 0.398611 0.010417 0.041667
0 0.434635 0.462037 0.009896 0.044444
0 0.484896 0.319444 0.010417 0.044444
0 0.536198 0.291204 0.007812 0.045370
0 0.518750 0.582870 0.010417 0.050926
0 0.539062 0.479167 0.011458 0.050926
0 0.287500 0.635185 0.014583 0.050000
0 0.353385 0.758333 0.014063 0.062963
0 0.448437 0.612500 0.012500 0.054630
0 0.650260 0.663426 0.011979 0.045370
0 0.575521 0.532407 0.014583 0.042593
1 0.636458 0.689815 0.005208 0.009259
0 0.635938 0.470833 0.014583 0.045370
0 0.736458 0.520370 0.010417 0.051852
0 0.766406 0.389815 0.010937 0.046296
0 0.907031 0.610185 0.014063 0.057407
0 0.577604 0.189352 0.005208 0.039815
0 0.828125 0.368981 0.012500 0.050926
