0 0.167708 0.391667 0.027083 0.090741
0 0.191667 0.343981 0.027083 0.087963
0 0.237500 0.250463 0.018750 0.084259
0 0.353125 0.156019 0.020833 0.073148
0 0.385417 0.338889 0.023958 0.092593
0 0.401042 0.366667 0.029167 0.096296
0 0.359635 0.537037 0.018229 0.103704
0 0.366927 0.503704 0.016146 0.103704
0 0.014063 0.536111 0.018750 0.112963
0 0.384635 0.929630 0.026562 0.138889
0 0.571354 0.436574 0.021875 0.095370
0 0.583854 0.430093 0.029167 0.086111
0 0.665625 0.266204 0.019792 0.073148
1 0.665625 0.306481 0.005208 0.011111
0 0.750781 0.525926 0.027604 0.107407
0 0.792969 0.393981 0.024479 0.089815
0 0.863281 0.462037 0.019271 0.100000
