0 0.119271 0.487500 0.017708 0.095370
0 0.164844 0.518056 0.027604 0.099074
0 0.142187 0.415741 0.018750 0.088889
0 0.124479 0.355093 0.021875 0.091667
0 0.147656 0.324537 0.023438 0.086111
0 0.236198 0.429630 0.021354 0.094444
0 0.665104 0.476852 0.028125 0.092593
0 0.508073 0.442593 0.017188 0.098148
0 0.604948 0.345833 0.033854 0.078704
0 0.764323 0.335185 0.023438 0.079630
1 0.757292 0.367593 0.008333 0.011111
0 0.460677 0.422222 0.016146 0.090741
0 0.437240 0.396296 0.027604 0.081481
0 0.423958 0.291204 0.018750 0.080556
0 0.091667 0.936574 0.031250 0.126852
