0 0.234375 0.550463 0.016667 0.047222
0 0.272135 0.486574 0.010937 0.049074
0 0.316667 0.548611 0.009375 0.043519
0 0.332292 0.451389 0.008333 0.047222
0 0.306250 0.423148 0.006250 0.046296
0 0.361719 0.361111 0.013021 0.038889
0 0.377865 0.355556 0.009896 0.040741
0 0.357812 0.520833 0.019792 0.036111
0 0.390365 0.538889 0.017188 0.042593
0 0.392448 0.527315 0.014063 0.056481
1 0.322135 0.568056 0.004687 0.008333
0 0.442188 0.779630 0.015625 0.062963
0 0.459635 0.651852 0.013021 0.051852
0 0.485677 0.616204 0.010937 0.050926
0 0.477344 0.597222 0.010937 0.044444
0 0.541667 0.543519 0.009375 0.048148
0 0.669531 0.606944 0.011979 0.052778
0 0.719010 0.618056 0.010937 0.052778
0 0.661458 0.506481 0.012500 0.050000
0 0.657031 0.380556 0.014063 0.042593
0 0.699479 0.375000 0.009375 0.042593
0 0.797917 0.435185 0.013542 0.048148
0 0.105469 0.382407 0.014063 0.050000
