0 0.403125 0.394907 0.010417 0.058333
0 0.403646 0.381019 0.016667 0.060185
0 0.551562 0.380093 0.010417 0.054630
0 0.536458 0.326389 0.012500 0.054630
0 0.465625 0.244444 0.009375 0.048148
0 0.414844 0.222685 0.011979 0.052778
0 0.448177 0.168519 0.011979 0.048148
0 0.443490 0.156944 0.011979 0.047222
0 0.560937 0.106019 0.009375 0.047222
0 0.631510 0.162500 0.010937 0.050926
0 0.677604 0.260648 0.013542 0.056481
0 0.120573 0.331481 0.010937 0.061111
0 0.300781 0.257870 0.009896 0.056481
0 0.077604 0.561574 0.022917 0.069444
0 0.317708 0.648611 0.015625 0.065741
0 0.563281 0.557870 0.013021 0.067593
0 0.803385 0.509259 0.017188 0.061111
0 0.723177 0.378704 0.020313 0.062963
0 0.716146 0.371296 0.013542 0.061111
0 0.774479 0.748148 0.023958 0.070370
1 0.344010 0.265278 0.005729 0.010185
