0 0.207813 0.537963 0.009375 0.035185
0 0.232813 0.481019 0.013542 0.047222
0 0.256250 0.512037 0.014583 0.044444
0 0.289323 0.456019 0.013021 0.049074
0 0.262760 0.431019 0.008854 0.045370
0 0.292969 0.378704 0.014063 0.040741
0 0.314323 0.359259 0.008854 0.037037
0 0.337500 0.475000 0.008333 0.037037
0 0.341927 0.591204 0.018229 0.047222
0 0.414062 0.472685 0.011458 0.039815
1 0.408073 0.491667 0.004687 0.005556
0 0.431250 0.475463 0.021875 0.045370
0 0.446875 0.555556 0.013542 0.046296
0 0.454167 0.607870 0.010417 0.045370
0 0.099479 0.375926 0.013542 0.048148
0 0.415365 0.721296 0.013021 0.057407
0 0.508594 0.612963 0.014063 0.044444
0 0.652083 0.494444 0.008333 0.051852
0 0.745052 0.380093 0.015104 0.039815
0 0.723177 0.363889 0.010937 0.046296
0 0.811198 0.416204 0.010937 0.045370
0 0.763542 0.619444 0.014583 0.048148
0 0.799479 0.618519 0.021875 0.051852
