0 0.143750 0.444444 0.009375 0.051852
0 0.133333 0.336111 0.015625 0.053704
0 0.342187 0.251389 0.009375 0.039815
0 0.348177 0.222685 0.009896 0.037963
0 0.454427 0.283333 0.013021 0.040741
0 0.459115 0.164815 0.008854 0.037037
0 0.508073 0.206019 0.007812 0.041667
1 0.361719 0.234259 0.003646 0.005556
0 0.360938 0.577778 0.011458 0.057407
0 0.323958 0.741667 0.012500 0.057407
0 0.425000 0.397222 0.009375 0.050000
0 0.519271 0.418519 0.014583 0.042593
0 0.554948 0.576389 0.008854 0.049074
0 0.629948 0.387963 0.010937 0.046296
0 0.595573 0.326852 0.008854 0.044444
0 0.611458 0.285648 0.011458 0.041667
0 0.679688 0.736111 0.013542 0.062963
0 0.804688 0.682407 0.014583 0.059259
0 0.735938 0.411111 0.010417 0.050000
0 0.760677 0.468981 0.013021 0.054630
0 0.894271 0.269907 0.011458 0.047222
0 0.875260 0.247685 0.013021 0.037963
0 0.925781 0.436111 0.013021 0.057407
