0 0.104688 0.863426 0.036458 0.134259
0 0.017188 0.509722 0.031250 0.097222
0 0.046875 0.412500 0.020833 0.084259
0 0.072135 0.329630 0.020313 0.079630
0 0.165625 0.350000 0.019792 0.079630
0 0.290625 0.421759 0.025000 0.084259
0 0.299479 0.383796 0.016667 0.073148
0 0.359375 0.447222 0.020833 0.090741
0 0.209896 0.226852 0.022917 0.070370
0 0.532292 0.311574 0.017708 0.067593
0 0.570312 0.280093 0.014583 0.069444
1 0.685156 0.351852 0.005729 0.012963
0 0.706771 0.393519 0.018750 0.070370
0 0.767969 0.349537 0.013021 0.069444
