0 0.214583 0.577778 0.013542 0.053704
0 0.283073 0.656944 0.011979 0.060185
0 0.283854 0.500000 0.019792 0.050000
0 0.294271 0.422685 0.016667 0.054630
0 0.214062 0.378241 0.013542 0.060185
0 0.222396 0.314815 0.014583 0.055556
0 0.276042 0.330093 0.012500 0.052778
0 0.308854 0.387963 0.012500 0.050000
0 0.334115 0.411574 0.013021 0.052778
0 0.378125 0.332870 0.016667 0.050926
0 0.328125 0.275463 0.010417 0.049074
0 0.413021 0.262963 0.010417 0.050000
0 0.417708 0.344444 0.012500 0.053704
0 0.444792 0.441667 0.016667 0.051852
0 0.497656 0.475463 0.013021 0.056481
0 0.514844 0.466204 0.013021 0.054630
0 0.495052 0.677315 0.017188 0.063889
0 0.564844 0.539352 0.017188 0.058333
0 0.550781 0.189815 0.011979 0.042593
0 0.658333 0.282407 0.011458 0.053704
0 0.790885 0.562963 0.020313 0.075926
0 0.882292 0.344907 0.014583 0.060185
