0 0.016146 0.362037 0.018750 0.074074
0 0.077865 0.358796 0.014063 0.065741
0 0.067187 0.294907 0.016667 0.071296
0 0.295052 0.239352 0.016146 0.060185
0 0.226042 0.419444 0.020833 0.075926
0 0.281250 0.467130 0.015625 0.071296
0 0.297656 0.495370 0.018229 0.079630
0 0.291146 0.353704 0.018750 0.072222
0 0.307552 0.343056 0.016146 0.071296
0 0.431250 0.437963 0.015625 0.083333
0 0.490365 0.419444 0.022396 0.064815
0 0.572917 0.301389 0.020833 0.065741
1 0.595573 0.330556 0.005729 0.011111
0 0.635677 0.512037 0.024479 0.087037
0 0.726042 0.515741 0.015625 0.087037
0 0.675521 0.406481 0.018750 0.079630
0 0.700781 0.391204 0.017188 0.075000
0 0.345313 0.864352 0.037500 0.126852
0 0.856771 0.493981 0.031250 0.082407
