0 0.407813 0.862500 0.020833 0.095370
0 0.497396 0.745370 0.018750 0.087037
0 0.465104 0.635185 0.021875 0.068519
0 0.313802 0.564815 0.013021 0.062963
0 0.320052 0.555556 0.015104 0.059259
0 0.305208 0.457407 0.011458 0.053704
0 0.342448 0.443519 0.017188 0.050000
0 0.318229 0.395833 0.013542 0.045370
0 0.382031 0.366667 0.011979 0.046296
0 0.380208 0.361574 0.010417 0.047222
0 0.447396 0.432407 0.017708 0.055556
0 0.571354 0.376852 0.015625 0.044444
0 0.603125 0.422685 0.014583 0.043519
0 0.116146 0.406944 0.012500 0.052778
0 0.667708 0.536574 0.015625 0.060185
0 0.704948 0.557407 0.021354 0.057407
1 0.790104 0.576389 0.008333 0.010185
0 0.761458 0.682870 0.020833 0.076852
0 0.778906 0.634722 0.020313 0.071296
0 0.773698 0.478241 0.018229 0.047222
0 0.965625 0.545833 0.018750 0.052778
