0 0.183854 0.589352 0.020833 0.058333
0 0.182292 0.501389 0.015625 0.056481
0 0.284115 0.512963 0.016146 0.057407
0 0.349740 0.557407 0.016146 0.059259
0 0.416406 0.460185 0.010937 0.057407
0 0.452083 0.450926 0.012500 0.055556
0 0.268750 0.348611 0.011458 0.054630
0 0.401042 0.335648 0.012500 0.052778
0 0.454427 0.343056 0.011979 0.056481
0 0.247396 0.331019 0.011458 0.050926
0 0.246094 0.313426 0.011979 0.054630
0 0.279167 0.235185 0.012500 0.042593
0 0.298698 0.232870 0.010937 0.039815
0 0.310417 0.232870 0.013542 0.041667
0 0.336458 0.265278 0.013542 0.049074
0 0.569271 0.219444 0.011458 0.048148
0 0.484115 0.211574 0.010937 0.050926
0 0.681510 0.354167 0.011979 0.056481
0 0.767969 0.318981 0.011979 0.050926
0 0.839844 0.311111 0.014063 0.053704
0 0.575260 0.508796 0.015104 0.056481
0 0.968490 0.505556 0.020313 0.066667
1 0.279427 0.244907 0.004687 0.008333
