0 0.171094 0.422685 0.013021 0.062037
0 0.224740 0.322685 0.009896 0.050926
0 0.387500 0.495370 0.018750 0.055556
0 0.451562 0.415278 0.011458 0.052778
0 0.410156 0.330556 0.011979 0.051852
0 0.270833 0.682407 0.009375 0.062963
0 0.471094 0.600926 0.009896 0.064815
0 0.504948 0.582870 0.015104 0.060185
0 0.488542 0.516204 0.015625 0.047222
0 0.652344 0.465741 0.011979 0.055556
0 0.623177 0.361574 0.009896 0.050926
0 0.684115 0.361574 0.014063 0.054630
0 0.702865 0.414352 0.014063 0.052778
0 0.755469 0.554167 0.017188 0.058333
0 0.812240 0.539352 0.016146 0.058333
0 0.736198 0.644907 0.013021 0.062037
0 0.803906 0.343519 0.016146 0.053704
0 0.793490 0.237037 0.009896 0.051852
0 0.815104 0.255093 0.009375 0.049074
0 0.337500 0.225926 0.015625 0.048148
0 0.484375 0.257870 0.010417 0.052778
