0 0.448437 0.480093 0.016667 0.086111
0 0.438542 0.449074 0.018750 0.083333
0 0.554688 0.301389 0.014583 0.075000
0 0.600000 0.337963 0.015625 0.066667
0 0.659896 0.297685 0.013542 0.076852
0 0.709375 0.397222 0.018750 0.079630
0 0.362240 0.364815 0.017188 0.075926
0 0.488021 0.228704 0.017708 0.068519
1 0.495312 0.257870 0.005208 0.012037
0 0.141406 0.341204 0.018229 0.075000
1 0.244531 0.228704 0.008854 0.068519
0 0.769792 0.468981 0.017708 0.091667
0 0.785677 0.389352 0.021354 0.080556
0 0.893229 0.335185 0.014583 0.077778
0 0.851042 0.251852 0.014583 0.072222
0 0.489844 0.854167 0.033854 0.136111
