0 0.372917 0.951389 0.020833 0.097222
0 0.040885 0.593519 0.021354 0.083333
0 0.061979 0.490278 0.020833 0.071296
0 0.073958 0.427315 0.019792 0.063889
0 0.130729 0.524537 0.020833 0.073148
0 0.233594 0.453241 0.021354 0.065741
0 0.286979 0.458333 0.021875 0.064815
0 0.301042 0.337500 0.023958 0.049074
0 0.294271 0.329630 0.023958 0.042593
0 0.425000 0.387037 0.015625 0.061111
0 0.416146 0.618981 0.021875 0.087963
0 0.526823 0.549074 0.017188 0.068519
0 0.503385 0.339815 0.015104 0.057407
0 0.532292 0.343056 0.019792 0.060185
1 0.551823 0.345833 0.004687 0.010185
0 0.645833 0.249537 0.013542 0.050926
0 0.615104 0.349074 0.015625 0.053704
0 0.669531 0.529167 0.018229 0.073148
0 0.707031 0.414815 0.010937 0.061111
0 0.541406 0.688889 0.017188 0.094444
0 0.956250 0.658796 0.020833 0.102778
0 0.838802 0.397222 0.013021 0.064815
