0 0.068750 0.315278 0.010417 0.056481
0 0.258854 0.489815 0.018750 0.053704
0 0.289844 0.359722 0.010937 0.049074
0 0.332292 0.293519 0.014583 0.050000
0 0.360417 0.331019 0.010417 0.043519
0 0.463021 0.290741 0.008333 0.044444
0 0.432812 0.216204 0.011458 0.039815
0 0.420833 0.355093 0.009375 0.049074
0 0.468490 0.410185 0.009896 0.048148
0 0.565625 0.421296 0.012500 0.046296
0 0.606771 0.259722 0.010417 0.047222
0 0.634375 0.289352 0.007292 0.041667
0 0.636458 0.249537 0.009375 0.039815
0 0.642448 0.222685 0.008854 0.039815
1 0.680469 0.207870 0.003646 0.006481
0 0.690885 0.159259 0.014063 0.040741
0 0.708854 0.449074 0.011458 0.055556
0 0.866927 0.562500 0.023438 0.069444
0 0.888021 0.353241 0.012500 0.047222
0 0.281771 0.584722 0.010417 0.056481
0 0.393750 0.600926 0.013542 0.057407
0 0.579427 0.562037 0.010937 0.053704
0 0.646354 0.718981 0.026042 0.058333
