0 0.072656 0.379167 0.011979 0.049074
0 0.199479 0.598611 0.019792 0.041667
0 0.209635 0.541204 0.025521 0.019444
0 0.200000 0.500926 0.011458 0.048148
0 0.220573 0.499074 0.016146 0.046296
0 0.213021 0.487963 0.014583 0.042593
0 0.217969 0.455556 0.019271 0.037037
1 0.235417 0.500463 0.004167 0.006481
0 0.195312 0.432407 0.012500 0.044444
0 0.253646 0.391667 0.013542 0.040741
0 0.274479 0.384722 0.010417 0.043519
0 0.378385 0.354630 0.010937 0.027778
0 0.336719 0.425000 0.014063 0.038889
0 0.366927 0.529630 0.008854 0.042593
0 0.405208 0.623611 0.013542 0.045370
0 0.442188 0.642593 0.012500 0.048148
0 0.493229 0.590278 0.020833 0.043519
0 0.671875 0.494907 0.009375 0.045370
0 0.745313 0.355093 0.014583 0.041667
0 0.831510 0.425463 0.014063 0.049074
0 0.836458 0.617130 0.010417 0.056481
0 0.881250 0.637963 0.011458 0.051852
