1 0.377344 0.273148 0.005729 0.009259
0 0.376302 0.250000 0.026562 0.055556
0 0.402865 0.251389 0.021354 0.052778
0 0.420573 0.289815 0.009896 0.062963
0 0.461719 0.284722 0.021354 0.056481
0 0.327865 0.317130 0.019271 0.063889
0 0.416927 0.320833 0.020313 0.054630
0 0.252344 0.294907 0.025521 0.058333
0 0.079167 0.264815 0.012500 0.066667
0 0.122917 0.451389 0.017708 0.075000
0 0.180729 0.469444 0.020833 0.077778
0 0.183854 0.607870 0.021875 0.091667
0 0.503385 0.453241 0.015104 0.078704
0 0.554167 0.459722 0.020833 0.069444
0 0.634896 0.365741 0.021875 0.066667
0 0.744271 0.276389 0.011458 0.056481
0 0.780208 0.261111 0.015625 0.057407
0 0.799479 0.294907 0.015625 0.060185
0 0.845573 0.344444 0.014063 0.070370
0 0.852604 0.365278 0.019792 0.069444
0 0.864062 0.555556 0.023958 0.088889
0 0.975000 0.924074 0.038542 0.114815
