0 0.104948 0.324537 0.017188 0.039815
0 0.113281 0.337963 0.015104 0.042593
0 0.219271 0.283333 0.013542 0.044444
0 0.221615 0.343056 0.013021 0.045370
0 0.176563 0.468056 0.020833 0.050926
0 0.221094 0.601852 0.021354 0.053704
0 0.264062 0.707407 0.015625 0.062963
0 0.377344 0.462037 0.014063 0.059259
0 0.315104 0.374074 0.013542 0.048148
0 0.422396 0.306481 0.015625 0.046296
0 0.438281 0.389815 0.013021 0.042593
1 0.433854 0.424537 0.006250 0.010185
0 0.465104 0.425926 0.022917 0.035185
0 0.559635 0.406944 0.011979 0.050926
0 0.534635 0.318519 0.013021 0.050000
0 0.553906 0.266204 0.009896 0.045370
0 0.653125 0.701389 0.015625 0.065741
0 0.786719 0.421759 0.011979 0.054630
0 0.804688 0.307407 0.010417 0.044444
0 0.810677 0.382407 0.013021 0.046296
0 0.899479 0.512037 0.014583 0.059259
