0 0.092188 0.544444 0.022917 0.085185
0 0.228646 0.602315 0.020833 0.087963
0 0.220052 0.676852 0.023438 0.103704
0 0.284375 0.246296 0.016667 0.064815
0 0.246094 0.368981 0.015104 0.075000
0 0.377604 0.263889 0.015625 0.062963
0 0.404167 0.231019 0.013542 0.058333
0 0.591146 0.246759 0.010417 0.060185
0 0.510938 0.433796 0.019792 0.076852
0 0.535937 0.539352 0.018750 0.076852
0 0.732552 0.410648 0.024479 0.069444
0 0.686198 0.352778 0.016146 0.074074
0 0.660417 0.312037 0.020833 0.070370
0 0.691927 0.311111 0.019271 0.066667
0 0.850521 0.312500 0.018750 0.075000
0 0.927865 0.305556 0.018229 0.070370
0 0.930469 0.650000 0.028646 0.098148
