0 0.051042 0.311574 0.011458 0.058333
0 0.333073 0.429630 0.009896 0.057407
1 0.342448 0.459259 0.005729 0.009259
0 0.361458 0.247222 0.007292 0.044444
0 0.488542 0.397222 0.010417 0.053704
0 0.554167 0.263889 0.012500 0.051852
0 0.548958 0.202315 0.009375 0.047222
0 0.622396 0.273611 0.008333 0.050926
0 0.584896 0.434722 0.014583 0.054630
0 0.616146 0.506944 0.009375 0.054630
0 0.706250 0.381944 0.008333 0.056481
0 0.812500 0.383796 0.009375 0.056481
0 0.853646 0.382407 0.014583 0.055556
0 0.878646 0.324537 0.015625 0.054630
0 0.899740 0.461574 0.014063 0.062037
0 0.790885 0.592593 0.010937 0.057407
0 0.919531 0.646296 0.011979 0.064815
0 0.933594 0.710185 0.009896 0.072222
0 0.634115 0.648148 0.011979 0.064815
0 0.690365 0.884259 0.019271 0.070370
0 0.580990 0.106944 0.009896 0.043519
0 0.863021 0.178241 0.010417 0.049074
0 0.860417 0.130556 0.008333 0.046296
