0 0.319271 0.641667 0.037500 0.131481
0 0.372396 0.691667 0.037500 0.116667
0 0.407813 0.637963 0.038542 0.140741
0 0.399219 0.598611 0.045312 0.123148
0 0.390104 0.558796 0.037500 0.134259
0 0.446875 0.418981 0.032292 0.117593
0 0.559375 0.737037 0.053125 0.114815
0 0.515885 0.637500 0.033854 0.137963
0 0.579427 0.640278 0.040104 0.126852
0 0.538542 0.633796 0.025000 0.132407
0 0.534635 0.621296 0.024479 0.129630
0 0.690104 0.651852 0.044792 0.101852
0 0.673438 0.575926 0.037500 0.098148
0 0.729688 0.556944 0.042708 0.097222
0 0.733073 0.326852 0.024479 0.116667
0 0.807813 0.300000 0.030208 0.116667
0 0.165365 0.683333 0.049479 0.124074
0 0.190625 0.267593 0.023958 0.090741
0 0.353906 0.106019 0.022396 0.102778
