0 0.909375 0.72109375 0.0125 0.0234375
1 0.3359375 0.5609375 0.02421875 0.13046875
1 0.5 0.55703125 0.02578125 0.1265625
1 0.52421875 0.5671875 0.02890625 0.1265625
1 0.56015625 0.58828125 0.0265625 0.13671875
1 0.6140625 0.6609375 0.05546875 0.1796875
1 0.6234375 0.62421875 0.0265625 0.1578125
1 0.70703125 0.596875 0.03125 0.1265625
1 0.775 0.6390625 0.03984375 0.128125
1 0.80703125 0.62265625 0.0265625 0.13046875
1 0.8703125 0.63359375 0.021875 0.128125
1 0.88984375 0.66328125 0.02421875 0.13671875