0 0.0765625 0.775 0.02421875 0.0359375
1 0.00078125 0.665625 0.00078125 0.19375
1 0.25546875 0.678125 0.06328125 0.178125
1 0.31875 0.55859375 0.0265625 0.140625
1 0.33671875 0.6078125 0.04296875 0.1640625
1 0.4078125 0.63515625 0.03203125 0.18359375
1 0.44765625 0.690625 0.04140625 0.21171875
1 0.609375 0.63046875 0.0375 0.17421875
1 0.6640625 0.728125 0.0609375 0.1953125
1 0.64453125 0.58203125 0.021875 0.1203125
1 0.7546875 0.6875 0.05546875 0.19375
1 0.7953125 0.63359375 0.0296875 0.14453125