0 0.403125 0.73203125 0.0203125 0.0296875
1 0.21171875 0.5859375 0.03203125 0.140625
1 0.309375 0.665625 0.05078125 0.19765625
1 0.3609375 0.56796875 0.0375 0.140625
1 0.48828125 0.5625 0.0265625 0.1203125
1 0.54921875 0.74921875 0.04765625 0.26484375
1 0.59296875 0.73125 0.0421875 0.20546875
1 0.64296875 0.6421875 0.0375 0.165625
1 0.690625 0.73828125 0.04453125 0.23125
1 0.7640625 0.6453125 0.05234375 0.14453125
1 0.8171875 0.63125 0.03203125 0.13671875
1 0.859375 0.6953125 0.03515625 0.165625