0 0.775 0.8921875 0.01875 0.0375
1 0.03046875 0.69453125 0.03671875 0.24296875
1 0.3890625 0.76875 0.0703125 0.2453125
1 0.3375 0.65703125 0.0640625 0.21953125
1 0.32109375 0.61640625 0.03984375 0.178125
1 0.3890625 0.61171875 0.0296875 0.17578125
1 0.51015625 0.74765625 0.04921875 0.246875
1 0.53828125 0.671875 0.0421875 0.20546875
1 0.58515625 0.74296875 0.07109375 0.22109375
1 0.79609375 0.784375 0.05546875 0.2328125
1 0.834375 0.765625 0.03984375 0.23125
1 0.746875 0.609375 0.03125 0.12421875