0 0.45859375 0.628125 0.01015625 0.01953125
1 0.45 0.5734375 0.02578125 0.134375
1 0.51640625 0.6015625 0.02890625 0.140625
1 0.546875 0.6109375 0.02578125 0.15390625
1 0.571875 0.5890625 0.02890625 0.13046875
1 0.51328125 0.575 0.0234375 0.134375
1 0.27421875 0.56953125 0.0421875 0.14609375
1 0.21640625 0.69765625 0.06015625 0.2453125
1 0.0546875 0.6875 0.0640625 0.26875
1 0.79375 0.66875 0.03515625 0.16015625
1 0.84296875 0.709375 0.04140625 0.19765625
1 0.9078125 0.63515625 0.03125 0.1203125
1 0.79375 0.58828125 0.0203125 0.0453125