1 0.09609375 0.71640625 0.071875 0.2625
1 0.26875 0.59375 0.0375 0.1640625
1 0.534375 0.62578125 0.03203125 0.1640625
1 0.54921875 0.58203125 0.02421875 0.13671875
1 0.57734375 0.66015625 0.0609375 0.17421875
1 0.6796875 0.59296875 0.03203125 0.13046875
1 0.80078125 0.59609375 0.03203125 0.1125
1 0.884375 0.67265625 0.03203125 0.12421875
1 0.9234375 0.725 0.0578125 0.1859375
1 0.98359375 0.68359375 0.03203125 0.13828125
1 0.9859375 0.69765625 0.028125 0.1265625
0 0.92734375 0.75859375 0.0125 0.0234375