1 0.3640625 0.559375 0.0421875 0.14609375
1 0.34609375 0.54609375 0.02890625 0.13203125
1 0.39765625 0.521875 0.02890625 0.1109375
0 0.5890625 0.603125 0.00859375 0.015625
1 0.6015625 0.55234375 0.02421875 0.1046875
1 0.50859375 0.65234375 0.03984375 0.1859375
1 0.53125 0.571875 0.0265625 0.128125
1 0.49140625 0.61484375 0.0375 0.16171875
1 0.70390625 0.63203125 0.03515625 0.1578125
1 0.73984375 0.60859375 0.02109375 0.13046875
1 0.93359375 0.6390625 0.0296875 0.1203125
1 0.953125 0.6859375 0.0390625 0.1578125