1 0.0984375 0.57734375 0.0390625 0.17421875
1 0.2578125 0.55703125 0.03515625 0.1421875
1 0.29609375 0.53046875 0.0234375 0.12421875
1 0.34765625 0.53984375 0.03203125 0.11484375
0 0.3796875 0.58203125 0.00859375 0.01796875
1 0.3890625 0.534375 0.028125 0.10859375
1 0.55078125 0.596875 0.03359375 0.16171875
1 0.6421875 0.6453125 0.034375 0.171875
1 0.67109375 0.67578125 0.03125 0.19375
1 0.67265625 0.6640625 0.03984375 0.17421875
1 0.73671875 0.57890625 0.01875 0.11875
1 0.8125 0.6234375 0.03125 0.1484375